Frequency (Hz)	Level (dB)
5.383301	-56.754658
10.766602	-118.935532
16.149902	-119.179886
21.533203	-118.701691
26.916504	-118.147812
32.299805	-117.264557
37.683105	-117.863045
43.066406	-116.249763
48.449707	-116.204689
53.833008	-115.166557
59.216309	-114.711037
64.599609	-113.768105
69.982910	-113.066093
75.366211	-111.723312
80.749512	-111.180984
86.132812	-109.930588
91.516113	-108.797630
96.899414	-107.528404
102.282715	-106.673790
107.666016	-104.863258
113.049316	-103.676636
118.432617	-102.022530
123.815918	-100.538300
129.199219	-98.737747
134.582520	-96.841705
139.965820	-94.890984
145.349121	-92.660538
150.732422	-90.289711
156.115723	-87.663841
161.499023	-84.698288
166.882324	-81.406479
172.265625	-77.591927
177.648926	-73.123550
183.032227	-67.700676
188.415527	-60.772709
193.798828	-51.072979
199.182129	-33.545731
204.565430	-20.377165
209.948730	-20.839346
215.332031	-35.673687
220.715332	-52.007504
226.098633	-61.396858
231.481934	-68.164902
236.865234	-73.495110
242.248535	-77.886566
247.631836	-81.639938
253.015137	-84.881203
258.398438	-87.775673
263.781738	-90.337952
269.165039	-92.666321
274.548340	-94.749725
279.931641	-96.632431
285.314941	-98.388557
290.698242	-99.875877
296.081543	-101.341278
301.464844	-102.468697
306.848145	-103.503220
312.231445	-104.365829
317.614746	-104.887970
322.998047	-105.391815
328.381348	-105.503296
333.764648	-105.171280
339.147949	-104.904854
344.531250	-103.964821
349.914551	-102.851585
355.297852	-101.294510
360.681152	-99.406677
366.064453	-97.122383
371.447754	-94.310638
376.831055	-91.031105
382.214355	-87.070023
387.597656	-82.269867
392.980957	-76.215775
398.364258	-68.091545
403.747559	-55.534336
409.130859	-24.300938
414.514160	-19.302109
419.897461	-26.383415
425.280762	-58.144611
430.664062	-69.723511
436.047363	-77.529388
441.430664	-83.531403
446.813965	-88.415970
452.197266	-92.637764
457.580566	-96.386581
462.963867	-99.780838
468.347168	-103.057228
473.730469	-106.293449
479.113770	-109.674637
484.497070	-113.337051
489.880371	-118.235733
495.263672	-124.392426
500.646973	-124.327614
506.030273	-119.361031
511.413574	-115.664223
516.796875	-112.711525
522.180176	-110.045441
527.563477	-108.170761
532.946777	-106.176743
538.330078	-104.123039
543.713379	-102.240395
549.096680	-100.136894
554.479980	-98.033363
559.863281	-95.730003
565.246582	-93.265114
570.629883	-90.580368
576.013184	-87.581619
581.396484	-84.202660
586.779785	-80.347488
592.163086	-75.807541
597.546387	-70.280289
602.929688	-63.194130
608.312988	-53.159718
613.696289	-34.179127
619.079590	-22.493835
624.462891	-23.882959
629.846191	-40.639736
635.229492	-55.967571
640.612793	-65.069984
645.996094	-71.691277
651.379395	-76.934120
656.762695	-81.254471
662.145996	-84.969170
667.529297	-88.186493
672.912598	-91.032486
678.295898	-93.608635
683.679199	-95.847702
689.062500	-97.892914
694.445801	-99.834412
699.829102	-101.446609
705.212402	-102.870155
710.595703	-103.999687
715.979004	-105.025902
721.362305	-105.425385
726.745605	-105.935722
732.128906	-105.468773
737.512207	-105.115120
742.895508	-104.275108
748.278809	-102.887321
753.662109	-101.536903
759.045410	-99.756805
764.428711	-97.828590
769.812012	-95.637619
775.195312	-93.157082
780.578613	-90.411522
785.961914	-87.272987
791.345215	-83.711151
796.728516	-79.532814
802.111816	-74.530266
807.495117	-68.279381
812.878418	-59.885887
818.261719	-46.693844
823.645020	-21.702492
829.028320	-17.691753
834.411621	-25.887581
839.794922	-51.829659
845.178223	-62.928715
850.561523	-70.497482
855.944824	-76.292603
861.328125	-80.997627
866.711426	-84.980125
872.094727	-88.370514
877.478027	-91.371307
882.861328	-94.036438
888.244629	-96.353386
893.627930	-98.469696
899.011230	-100.310120
904.394531	-101.876266
909.777832	-103.294769
915.161133	-104.373985
920.544434	-105.112564
925.927734	-105.662262
931.311035	-105.850761
936.694336	-105.605064
942.077637	-105.154930
947.460938	-104.387077
952.844238	-103.180664
958.227539	-101.915993
963.610840	-100.249870
968.994141	-98.436401
974.377441	-96.344345
979.760742	-94.016609
985.144043	-91.415985
990.527344	-88.446823
995.910645	-85.095451
1001.293945	-81.207649
1006.677246	-76.618484
1012.060547	-71.003197
1017.443848	-63.750622
1022.827148	-53.359589
1028.210449	-32.538769
1033.593750	-22.201502
1038.977051	-24.525539
1044.360352	-43.587238
1049.743652	-58.050621
1055.126953	-66.877197
1060.510254	-73.357086
1065.893555	-78.489815
1071.276855	-82.754677
1076.660156	-86.355515
1082.043457	-89.519211
1087.426758	-92.245720
1092.810059	-94.683670
1098.193359	-96.812462
1103.576660	-98.664749
1108.959961	-100.234962
1114.343262	-101.637283
1119.726562	-102.721832
1125.109863	-103.559044
1130.493164	-103.981758
1135.876465	-104.423271
1141.259766	-104.353363
1146.643066	-104.019981
1152.026367	-103.485146
1157.409668	-102.523140
1162.792969	-101.612030
1168.176270	-100.127617
1173.559570	-98.507965
1178.942871	-96.681267
1184.326172	-94.554489
1189.709473	-92.126976
1195.092773	-89.436089
1200.476074	-86.290733
1205.859375	-82.707260
1211.242676	-78.502892
1216.625977	-73.427444
1222.009277	-67.054947
1227.392578	-58.422783
1232.775879	-44.545818
1238.159180	-23.319771
1243.542480	-20.271944
1248.925781	-29.649464
1254.309082	-52.282612
1259.692383	-62.968876
1265.075684	-70.359024
1270.458984	-76.058510
1275.842285	-80.705956
1281.225586	-84.643211
1286.608887	-88.062447
1291.992188	-91.052948
1297.375488	-93.722473
1302.758789	-96.186134
1308.142090	-98.282761
1313.525391	-100.361687
1318.908691	-102.036049
1324.291992	-103.663139
1329.675293	-105.065819
1335.058594	-106.233528
1340.441895	-106.868118
1345.825195	-107.769875
1351.208496	-107.630638
1356.591797	-107.508133
1361.975098	-106.947098
1367.358398	-105.947884
1372.741699	-104.640541
1378.125000	-103.153954
1383.508301	-101.251350
1388.891602	-99.148605
1394.274902	-96.863365
1399.658203	-94.214020
1405.041504	-91.247452
1410.424805	-87.832825
1415.808105	-83.929604
1421.191406	-79.262802
1426.574707	-73.550499
1431.958008	-66.125168
1437.341309	-55.346897
1442.724609	-32.055031
1448.107910	-22.962561
1453.491211	-26.235018
1458.874512	-48.229164
1464.257812	-61.940826
1469.641113	-70.517975
1475.024414	-76.870857
1480.407715	-81.954262
1485.791016	-86.156982
1491.174316	-89.810898
1496.557617	-92.952507
1501.940918	-95.824989
1507.324219	-98.299049
1512.707520	-100.557640
1518.090820	-102.783501
1523.474121	-104.502403
1528.857422	-106.544754
1534.240723	-107.819885
1539.624023	-109.474655
1545.007324	-110.680847
1550.390625	-111.682777
1555.773926	-113.058769
1561.157227	-113.090195
1566.540527	-113.979309
1571.923828	-113.757172
1577.307129	-113.363495
1582.690430	-112.609375
1588.073730	-111.581062
1593.457031	-109.854721
1598.840332	-107.961426
1604.223633	-105.731033
1609.606934	-102.973969
1614.990234	-99.885284
1620.373535	-96.292450
1625.756836	-92.026634
1631.140137	-86.893005
1636.523438	-80.382896
1641.906738	-71.500763
1647.290039	-56.844894
1652.673340	-38.370335
1658.056641	-36.267189
1663.439941	-46.911465
1668.823242	-67.255035
1674.206543	-77.567726
1679.589844	-84.766190
1684.973145	-90.382332
1690.356445	-94.993652
1695.739746	-98.900803
1701.123047	-102.195992
1706.506348	-105.204933
1711.889648	-107.997269
1717.272949	-110.567024
1722.656250	-112.420723
1728.039551	-114.617264
1733.422852	-116.687622
1738.806152	-118.217926
1744.189453	-120.707298
1749.572754	-120.739456
1754.956055	-123.772774
1760.339355	-123.429878
1765.722656	-127.041252
1771.105957	-125.857590
1776.489258	-127.762825
1781.872559	-127.690666
1787.255859	-127.991127
1792.639160	-128.152832
1798.022461	-125.314857
1803.405762	-124.705742
1808.789062	-121.602180
1814.172363	-119.399483
1819.555664	-116.669495
1824.938965	-112.598961
1830.322266	-108.659737
1835.705566	-104.035942
1841.088867	-98.135803
1846.472168	-90.477570
1851.855469	-79.274727
1857.238770	-52.294579
1862.622070	-44.366192
1868.005371	-48.606869
1873.388672	-74.738342
1878.771973	-87.769127
1884.155273	-96.122932
1889.538574	-102.301895
1894.921875	-107.202271
1900.305176	-111.695930
1905.688477	-114.668694
1911.071777	-117.872658
1916.455078	-121.237244
1921.838379	-122.733093
1927.221680	-125.278252
1932.604980	-125.891487
1937.988281	-130.637589
1943.371582	-129.585541
1948.754883	-130.622116
1954.138184	-131.478149
1959.521484	-133.524933
1964.904785	-131.096161
1970.288086	-133.106247
1975.671387	-129.658432
1981.054688	-131.106064
1986.437988	-128.278824
1991.821289	-128.302048
1997.204590	-126.574051
2002.587891	-123.356476
2007.971191	-122.213181
2013.354492	-120.384521
2018.737793	-117.101707
2024.121094	-114.444328
2029.504395	-111.155754
2034.887695	-107.664177
2040.270996	-103.240654
2045.654297	-97.977394
2051.037598	-91.310661
2056.420898	-82.159073
2061.804199	-66.604256
2067.187500	-50.329330
2072.570801	-49.158798
2077.954102	-61.178883
2083.337402	-79.792526
2088.720703	-89.749039
2094.104004	-96.780624
2099.487305	-102.329514
2104.870605	-106.755226
2110.253906	-110.806023
2115.637207	-113.907166
2121.020508	-116.961578
2126.403809	-119.870430
2131.787109	-121.999130
2137.170410	-124.383324
2142.553711	-125.980179
2147.937012	-129.408981
2153.320312	-129.278442
2158.703613	-133.345932
2164.086914	-130.899734
2169.470215	-135.982727
2174.853516	-135.758484
2180.236816	-136.278046
2185.620117	-143.983215
2191.003418	-139.161621
2196.386719	-145.288712
2201.770020	-141.919983
2207.153320	-154.922989
2212.536621	-136.588974
2217.919922	-138.512985
2223.303223	-136.335052
2228.686523	-131.042236
2234.069824	-128.403931
2239.453125	-124.749207
2244.836426	-119.936333
2250.219727	-115.470795
2255.603027	-109.159157
2260.986328	-101.457039
2266.369629	-89.652184
2271.752930	-55.628117
2277.136230	-48.800579
2282.519531	-54.036243
2287.902832	-87.634865
2293.286133	-100.111885
2298.669434	-107.981361
2304.052734	-114.197052
2309.436035	-118.611618
2314.819336	-122.244934
2320.202637	-125.677361
2325.585938	-129.497574
2330.969238	-128.074097
2336.352539	-132.661484
2341.735840	-131.209412
2347.119141	-132.858139
2352.502441	-133.853668
2357.885742	-132.147339
2363.269043	-133.233215
2368.652344	-132.011124
2374.035645	-130.339432
2379.418945	-129.853683
2384.802246	-129.502319
2390.185547	-127.564835
2395.568848	-126.781929
2400.952148	-123.643486
2406.335449	-123.773781
2411.718750	-121.189034
2417.102051	-119.373619
2422.485352	-117.153442
2427.868652	-114.722122
2433.251953	-112.269875
2438.635254	-109.229538
2444.018555	-105.989059
2449.401855	-102.296753
2454.785156	-97.800232
2460.168457	-92.500046
2465.551758	-85.676964
2470.935059	-76.215698
2476.318359	-59.621014
2481.701660	-45.198563
2487.084961	-44.953896
2492.468262	-58.495579
2497.851562	-75.724503
2503.234863	-85.339600
2508.618164	-92.251045
2514.001465	-97.623123
2519.384766	-102.176529
2524.768066	-105.784988
2530.151367	-109.317726
2535.534668	-112.153534
2540.917969	-114.756256
2546.301270	-117.457245
2551.684570	-118.924034
2557.067871	-121.457626
2562.451172	-124.377213
2567.834473	-124.194252
2573.217773	-127.187065
2578.601074	-128.589111
2583.984375	-129.545441
2589.367676	-131.167465
2594.750977	-133.779999
2600.134277	-133.447708
2605.517578	-133.732727
2610.900879	-136.425308
2616.284180	-142.687088
2621.667480	-136.948074
2627.050781	-140.292343
2632.434082	-135.145813
2637.817383	-140.274765
2643.200684	-137.999619
2648.583984	-140.171661
2653.967285	-129.174133
2659.350586	-131.458435
2664.733887	-124.131645
2670.117188	-119.317696
2675.500488	-111.248047
2680.883789	-99.080910
2686.267090	-55.221817
2691.650391	-49.446125
2697.033691	-55.711277
2702.416992	-99.911247
2707.800293	-112.034729
2713.183594	-120.365372
2718.566895	-125.912804
2723.950195	-129.133438
2729.333496	-136.356674
2734.716797	-134.831268
2740.100098	-134.656418
2745.483398	-138.088760
2750.866699	-131.460449
2756.250000	-133.138306
2761.633301	-133.845337
2767.016602	-130.994507
2772.399902	-129.374542
2777.783203	-127.750328
2783.166504	-127.159714
2788.549805	-127.178696
2793.933105	-124.218933
2799.316406	-122.929558
2804.699707	-121.776527
2810.083008	-120.427628
2815.466309	-118.364105
2820.849609	-116.861282
2826.232910	-115.027336
2831.616211	-112.883080
2836.999512	-110.564087
2842.382812	-108.323990
2847.766113	-105.605804
2853.149414	-102.645676
2858.532715	-99.401825
2863.916016	-95.521149
2869.299316	-91.063301
2874.682617	-85.596054
2880.065918	-78.644821
2885.449219	-68.863655
2890.832520	-51.023544
2896.215820	-38.218254
2901.599121	-38.898094
2906.982422	-54.158119
2912.365723	-70.242249
2917.749023	-79.560905
2923.132324	-86.298607
2928.515625	-91.606239
2933.898926	-95.998672
2939.282227	-99.758865
2944.665527	-102.980209
2950.048828	-105.990189
2955.432129	-108.396088
2960.815430	-110.874603
2966.198730	-113.106689
2971.582031	-115.007263
2976.965332	-116.755569
2982.348633	-118.853012
2987.731934	-119.706665
2993.115234	-122.147858
2998.498535	-122.812271
3003.881836	-124.174973
3009.265137	-125.926109
3014.648438	-126.394173
3020.031738	-127.877251
3025.415039	-128.500351
3030.798340	-128.146637
3036.181641	-129.637039
3041.564941	-129.735260
3046.948242	-131.368423
3052.331543	-128.485565
3057.714844	-126.487328
3063.098145	-125.564003
3068.481445	-122.256874
3073.864746	-119.006889
3079.248047	-113.953926
3084.631348	-108.108948
3090.014648	-99.961456
3095.397949	-87.276146
3100.781250	-57.938747
3106.164551	-53.174911
3111.547852	-60.514004
3116.931152	-90.477707
3122.314453	-101.991875
3127.697754	-109.846848
3133.081055	-115.444916
3138.464355	-120.848709
3143.847656	-125.169304
3149.230957	-127.924332
3154.614258	-132.249054
3159.997559	-134.537384
3165.380859	-137.780670
3170.764160	-139.893753
3176.147461	-144.752792
3181.530762	-148.569458
3186.914062	-146.056274
3192.297363	-145.898438
3197.680664	-149.887634
3203.063965	-151.973282
3208.447266	-147.468140
3213.830566	-147.866104
3219.213867	-140.065353
3224.597168	-146.526138
3229.980469	-137.038361
3235.363770	-142.321899
3240.747070	-136.774521
3246.130371	-133.069321
3251.513672	-133.307098
3256.896973	-129.129913
3262.280273	-127.779472
3267.663574	-123.627060
3273.046875	-120.791534
3278.430176	-116.837097
3283.813477	-112.081528
3289.196777	-106.771248
3294.580078	-99.561127
3299.963379	-89.468056
3305.346680	-70.087280
3310.729980	-58.731182
3316.113281	-60.339451
3321.496582	-77.596413
3326.879883	-92.726562
3332.263184	-101.728806
3337.646484	-108.320206
3343.029785	-113.609818
3348.413086	-117.963371
3353.796387	-121.091270
3359.179688	-126.176628
3364.562988	-125.963264
3369.946289	-132.215881
3375.329590	-131.227020
3380.712891	-136.162277
3386.096191	-136.564102
3391.479492	-136.114151
3396.862793	-141.020554
3402.246094	-139.780319
3407.629395	-147.854645
3413.012695	-139.229095
3418.395996	-147.080048
3423.779297	-149.498123
3429.162598	-145.678406
3434.545898	-143.630188
3439.929199	-150.383194
3445.312500	-139.450958
3450.695801	-179.481750
3456.079102	-146.333054
3461.462402	-140.660309
3466.845703	-136.834213
3472.229004	-142.181458
3477.612305	-133.541687
3482.995605	-131.292358
3488.378906	-126.530754
3493.762207	-122.105415
3499.145508	-115.480347
3504.528809	-107.082634
3509.912109	-93.744080
3515.295410	-69.776543
3520.678711	-65.994644
3526.062012	-74.461884
3531.445312	-99.488266
3536.828613	-110.481354
3542.211914	-118.013901
3547.595215	-123.600243
3552.978516	-129.008682
3558.361816	-131.491196
3563.745117	-136.073273
3569.128418	-139.292145
3574.511719	-139.549820
3579.895020	-139.262192
3585.278320	-145.237488
3590.661621	-146.017960
3596.044922	-143.183517
3601.428223	-142.231445
3606.811523	-143.632004
3612.194824	-142.048080
3617.578125	-140.796249
3622.961426	-139.057602
3628.344727	-139.012772
3633.728027	-136.411163
3639.111328	-135.374435
3644.494629	-133.662857
3649.877930	-132.678452
3655.261230	-129.593781
3660.644531	-128.084396
3666.027832	-125.736343
3671.411133	-123.586472
3676.794434	-120.839577
3682.177734	-117.727921
3687.561035	-114.449532
3692.944336	-110.473228
3698.327637	-105.872955
3703.710938	-100.227348
3709.094238	-92.944160
3714.477539	-82.454323
3719.860840	-61.125889
3725.244141	-51.089745
3730.627441	-53.635521
3736.010742	-73.318184
3741.394043	-87.594681
3746.777344	-96.371811
3752.160645	-102.824493
3757.543945	-107.926003
3762.927246	-112.324829
3768.310547	-115.800262
3773.693848	-119.137146
3779.077148	-121.771523
3784.460449	-124.524345
3789.843750	-126.999985
3795.227051	-128.696640
3800.610352	-131.033707
3805.993652	-132.130508
3811.376953	-135.245544
3816.760254	-135.546387
3822.143555	-137.145508
3827.526855	-139.045197
3832.910156	-138.196747
3838.293457	-140.516205
3843.676758	-141.776459
3849.060059	-143.516891
3854.443359	-140.208389
3859.826660	-145.436859
3865.209961	-139.664459
3870.593262	-143.376373
3875.976562	-139.442627
3881.359863	-139.456573
3886.743164	-135.404068
3892.126465	-134.813141
3897.509766	-130.384460
3902.893066	-126.368744
3908.276367	-121.593231
3913.659668	-115.223427
3919.042969	-106.452591
3924.426270	-92.463646
3929.809570	-71.949905
3935.192871	-69.125237
3940.576172	-78.791977
3945.959473	-100.839935
3951.342773	-111.383751
3956.726074	-118.719872
3962.109375	-124.491447
3967.492676	-129.348694
3972.875977	-131.910233
3978.259277	-138.143677
3983.642578	-137.760635
3989.025879	-141.173859
3994.409180	-145.745438
3999.792480	-143.662048
4005.175781	-147.020020
4010.559082	-149.159943
4015.942383	-149.444031
4021.325684	-145.888824
4026.708984	-148.151505
4032.092285	-148.701187
4037.475586	-148.465073
4042.858887	-144.187149
4048.242188	-144.897980
4053.625488	-146.282730
4059.008789	-141.401825
4064.392090	-142.587997
4069.775391	-138.973465
4075.158691	-137.105545
4080.541992	-135.505280
4085.925293	-133.000107
4091.308594	-130.244553
4096.691895	-127.334946
4102.075195	-124.033783
4107.458496	-119.831314
4112.841797	-115.322990
4118.225098	-109.422783
4123.608398	-102.033272
4128.991699	-91.151077
4134.375000	-67.133705
4139.758301	-58.321693
4145.141602	-61.819977
4150.524902	-84.642197
4155.908203	-98.201202
4161.291504	-106.721428
4166.674805	-112.965897
4172.058105	-118.188087
4177.441406	-122.192535
4182.824707	-125.938332
4188.208008	-129.006470
4193.591309	-132.181229
4198.974609	-134.028305
4204.357910	-136.717300
4209.741211	-138.467407
4215.124512	-140.960434
4220.507812	-142.575439
4225.891113	-143.570389
4231.274414	-146.392563
4236.657715	-146.205292
4242.041016	-143.538574
4247.424316	-151.067856
4252.807617	-145.800323
4258.190918	-149.134003
4263.574219	-149.392349
4268.957520	-162.631668
4274.340820	-145.215942
4279.724121	-151.643143
4285.107422	-142.014496
4290.490723	-145.923920
4295.874023	-140.463699
4301.257324	-139.056000
4306.640625	-135.752594
4312.023926	-132.774582
4317.407227	-127.369339
4322.790527	-123.054695
4328.173828	-116.225594
4333.557129	-107.242661
4338.940430	-92.414749
4344.323730	-74.504356
4349.707031	-72.622597
4355.090332	-83.577042
4360.473633	-103.520554
4365.856934	-113.636528
4371.240234	-120.994576
4376.623535	-126.328384
4382.006836	-129.640213
4387.390137	-136.153656
4392.773438	-138.810959
4398.156738	-139.459152
4403.540039	-145.473770
4408.923340	-146.277634
4414.306641	-149.486237
4419.689941	-149.863251
4425.073242	-158.251038
4430.456543	-145.456848
4435.839844	-148.247040
4441.223145	-150.506775
4446.606445	-149.739166
4451.989746	-151.665222
4457.373047	-154.876282
4462.756348	-156.405655
4468.139648	-155.158264
4473.522949	-144.121399
4478.906250	-145.530121
4484.289551	-150.519287
4489.672852	-144.209274
4495.056152	-141.376205
4500.439453	-141.478043
4505.822754	-141.689041
4511.206055	-138.231094
4516.589355	-133.504898
4521.972656	-131.763504
4527.355957	-126.025871
4532.739258	-119.809464
4538.122559	-112.427109
4543.505859	-101.094185
4548.889160	-72.904282
4554.272461	-65.240898
4559.655762	-69.712852
4565.039062	-97.143761
4570.422363	-109.917931
4575.805664	-118.737007
4581.188965	-124.230370
4586.572266	-129.367142
4591.955566	-133.538345
4597.338867	-136.435394
4602.722168	-139.410141
4608.105469	-154.773193
4613.488770	-137.263885
4618.872070	-157.644440
4624.255371	-150.903580
4629.638672	-146.938812
4635.021973	-148.238647
4640.405273	-147.088135
4645.788574	-144.618134
4651.171875	-148.313400
4656.555176	-144.140579
4661.938477	-144.137909
4667.321777	-142.626816
4672.705078	-157.466782
4678.088379	-143.603485
4683.471680	-149.725204
4688.854980	-147.037994
4694.238281	-148.706528
4699.621582	-149.467407
4705.004883	-143.572647
4710.388184	-143.300293
4715.771484	-137.840454
4721.154785	-140.799728
4726.538086	-131.109512
4731.921387	-129.650177
4737.304688	-123.852325
4742.687988	-116.735901
4748.071289	-107.709000
4753.454590	-91.873611
4758.837891	-76.071663
4764.221191	-75.123444
4769.604492	-87.501587
4774.987793	-105.674683
4780.371094	-115.692245
4785.754395	-122.622955
4791.137695	-128.407440
4796.520996	-130.973907
4801.904297	-138.625931
4807.287598	-136.655319
4812.670898	-149.648712
4818.054199	-144.836731
4823.437500	-140.576752
4828.820801	-153.288895
4834.204102	-145.153137
4839.587402	-144.452057
4844.970703	-154.523941
4850.354004	-150.067322
4855.737305	-143.779434
4861.120605	-152.163269
4866.503906	-145.187576
4871.887207	-140.542374
4877.270508	-149.859131
4882.653809	-151.095093
4888.037109	-146.769608
4893.420410	-143.381454
4898.803711	-138.178345
4904.187012	-142.220154
4909.570312	-146.570709
4914.953613	-143.883774
4920.336914	-142.411041
4925.720215	-137.974182
4931.103516	-139.276810
4936.486816	-142.691681
4941.870117	-131.890884
4947.253418	-128.762466
4952.636719	-119.687195
4958.020020	-107.915230
4963.403320	-70.794861
4968.786621	-64.218231
4974.169922	-69.692101
4979.553223	-106.651543
4984.936523	-118.286591
4990.319824	-127.391441
4995.703125	-133.416672
5001.086426	-134.003128
5006.469727	-145.336502
5011.853027	-148.768707
5017.236328	-146.913589
5022.619629	-139.348068
5028.002930	-140.248642
5033.386230	-140.412933
5038.769531	-138.566986
5044.152832	-137.090866
5049.536133	-156.058945
5054.919434	-140.283600
5060.302734	-141.193741
5065.686035	-147.090958
5071.069336	-148.298706
5076.452637	-148.424973
5081.835938	-138.593964
5087.219238	-140.300903
5092.602539	-145.346634
5097.985840	-145.941483
5103.369141	-140.698441
5108.752441	-146.248764
5114.135742	-139.557220
5119.519043	-134.033707
5124.902344	-132.794800
5130.285645	-133.360428
5135.668945	-127.153366
5141.052246	-124.141068
5146.435547	-121.121071
5151.818848	-114.454391
5157.202148	-108.064331
5162.585449	-98.500847
5167.968750	-81.608025
5173.352051	-67.586533
5178.735352	-67.558968
5184.118652	-81.483490
5189.501953	-98.455101
5194.885254	-107.952705
5200.268555	-114.794701
5205.651855	-119.981789
5211.035156	-124.109825
5216.418457	-129.236374
5221.801758	-131.646027
5227.185059	-137.646942
5232.568359	-133.711609
5237.951660	-143.934525
5243.334961	-135.320190
5248.718262	-143.576370
5254.101562	-139.563080
5259.484863	-149.784943
5264.868164	-138.052734
5270.251465	-136.298553
5275.634766	-146.012726
5281.018066	-157.825165
5286.401367	-143.747253
5291.784668	-139.292175
5297.167969	-138.750305
5302.551270	-144.059341
5307.934570	-143.354218
5313.317871	-136.192688
5318.701172	-142.301117
5324.084473	-136.696548
5329.467773	-137.013626
5334.851074	-148.429840
5340.234375	-141.239182
5345.617676	-137.049301
5351.000977	-140.101410
5356.384277	-143.597458
5361.767578	-141.541916
5367.150879	-141.503235
5372.534180	-129.288147
5377.917480	-93.414452
5383.300781	-87.890190
5388.684082	-94.411995
5394.067383	-131.542130
5399.450684	-144.485779
5404.833984	-135.547028
5410.217285	-139.765854
5415.600586	-143.963165
5420.983887	-145.122025
5426.367188	-136.911316
5431.750488	-135.027756
5437.133789	-146.606232
5442.517090	-134.568954
5447.900391	-138.312866
5453.283691	-137.639191
5458.666992	-138.770706
5464.050293	-141.528046
5469.433594	-148.373947
5474.816895	-145.089249
5480.200195	-140.711380
5485.583496	-136.608002
5490.966797	-135.495010
5496.350098	-136.006866
5501.733398	-143.502411
5507.116699	-150.517029
5512.500000	-136.220291
5517.883301	-137.619873
5523.266602	-139.374191
5528.649902	-138.001175
5534.033203	-134.086090
5539.416504	-137.558960
5544.799805	-133.305420
5550.183105	-125.838448
5555.566406	-126.656754
5560.949707	-120.267342
5566.333008	-114.330177
5571.716309	-107.454422
5577.099609	-97.846046
5582.482910	-79.578239
5587.866211	-67.133698
5593.249512	-68.031502
5598.632812	-83.724930
5604.016113	-99.609123
5609.399414	-108.643608
5614.782715	-116.249809
5620.166016	-119.810905
5625.549316	-127.398232
5630.932617	-126.303268
5636.315918	-133.781693
5641.699219	-134.941895
5647.082520	-131.899765
5652.465820	-142.972153
5657.849121	-131.018860
5663.232422	-131.056488
5668.615723	-144.587585
5673.999023	-135.939728
5679.382324	-139.189377
5684.765625	-137.170959
5690.148926	-160.961716
5695.532227	-143.259201
5700.915527	-141.865707
5706.298828	-145.967346
5711.682129	-135.141296
5717.065430	-135.111908
5722.448730	-136.329636
5727.832031	-138.235977
5733.215332	-133.531464
5738.598633	-137.655106
5743.981934	-139.470352
5749.365234	-141.501297
5754.748535	-146.378922
5760.131836	-134.987595
5765.515137	-150.123978
5770.898438	-133.987839
5776.281738	-126.064613
5781.665039	-124.783928
5787.048340	-108.449982
5792.431641	-80.930267
5797.814941	-76.401184
5803.198242	-83.989098
5808.581543	-113.012016
5813.964844	-122.685379
5819.348145	-130.234406
5824.731445	-137.051498
5830.114746	-148.950882
5835.498047	-133.883713
5840.881348	-135.471878
5846.264648	-134.283249
5851.647949	-151.773834
5857.031250	-136.679916
5862.414551	-136.350372
5867.797852	-138.805847
5873.181152	-137.854156
5878.564453	-139.038925
5883.947754	-135.821899
5889.331055	-135.293167
5894.714355	-139.974670
5900.097656	-131.537430
5905.480957	-133.152115
5910.864258	-133.489761
5916.247559	-138.311722
5921.630859	-134.562042
5927.014160	-133.898941
5932.397461	-134.709183
5937.780762	-148.088455
5943.164062	-152.512222
5948.547363	-128.223434
5953.930664	-138.368744
5959.313965	-127.348305
5964.697266	-130.488342
5970.080566	-124.752472
5975.463867	-119.273560
5980.847168	-115.350693
5986.230469	-107.548660
5991.613770	-97.548088
5996.997070	-77.731415
6002.380371	-66.695030
6007.763672	-68.523796
6013.146973	-86.341293
6018.530273	-101.013008
6023.913574	-110.269974
6029.296875	-117.014771
6034.680176	-122.544121
6040.063477	-124.113884
6045.446777	-131.279999
6050.830078	-132.835632
6056.213379	-126.590385
6061.596680	-148.710693
6066.979980	-137.511948
6072.363281	-137.581268
6077.746582	-133.559891
6083.129883	-143.165558
6088.513184	-136.427811
6093.896484	-141.175018
6099.279785	-132.647766
6104.663086	-131.042419
6110.046387	-137.666000
6115.429688	-130.827682
6120.812988	-129.643646
6126.196289	-133.332504
6131.579590	-134.402756
6136.962891	-135.055954
6142.346191	-134.505615
6147.729492	-133.605118
6153.112793	-132.692215
6158.496094	-136.325394
6163.879395	-130.211060
6169.262695	-132.762482
6174.645996	-126.132469
6180.029297	-131.629135
6185.412598	-118.161064
6190.795898	-115.762825
6196.179199	-105.983833
6201.562500	-92.700577
6206.945801	-69.618317
6212.329102	-66.062119
6217.712402	-74.803284
6223.095703	-99.112953
6228.479004	-109.848618
6233.862305	-116.973251
6239.245605	-122.653137
6244.628906	-128.348389
6250.012207	-127.839859
6255.395508	-138.093826
6260.778809	-131.372330
6266.162109	-134.288071
6271.545410	-129.335831
6276.928711	-137.241043
6282.312012	-142.017853
6287.695312	-144.440323
6293.078613	-133.815125
6298.461914	-135.048340
6303.845215	-135.737762
6309.228516	-137.726135
6314.611816	-132.943817
6319.995117	-135.508347
6325.378418	-134.058945
6330.761719	-132.503448
6336.145020	-130.885544
6341.528320	-130.517624
6346.911621	-130.716492
6352.294922	-130.119308
6357.678223	-134.957809
6363.061523	-132.280106
6368.444824	-138.914917
6373.828125	-146.071640
6379.211426	-130.737869
6384.594727	-134.082504
6389.978027	-125.131340
6395.361328	-126.330658
6400.744629	-114.215424
6406.127930	-104.905815
6411.511230	-82.807388
6416.894531	-73.078850
6422.277832	-75.850586
6427.661133	-96.202515
6433.044434	-110.473686
6438.427734	-118.112442
6443.811035	-126.573990
6449.194336	-126.751610
6454.577637	-133.038635
6459.960938	-142.794617
6465.344238	-132.504730
6470.727539	-134.933716
6476.110840	-130.129791
6481.494141	-128.913132
6486.877441	-131.425781
6492.260742	-133.312866
6497.644043	-130.596878
6503.027344	-135.841888
6508.410645	-142.371170
6513.793945	-144.398941
6519.177246	-139.338760
6524.560547	-137.167694
6529.943848	-127.649284
6535.327148	-127.017685
6540.710449	-131.279617
6546.093750	-128.675369
6551.477051	-134.680069
6556.860352	-129.031921
6562.243652	-132.128433
6567.626953	-136.521194
6573.010254	-127.023338
6578.393555	-135.521545
6583.776855	-128.216110
6589.160156	-128.400818
6594.543457	-121.986649
6599.926758	-120.430725
6605.310059	-112.116264
6610.693359	-103.513367
6616.076660	-89.459419
6621.459961	-69.582413
6626.843262	-66.977196
6632.226562	-76.933113
6637.609863	-98.434944
6642.993164	-108.844803
6648.376465	-116.986229
6653.759766	-121.098045
6659.143066	-124.244400
6664.526367	-134.422745
6669.909668	-132.792175
6675.292969	-132.244904
6680.676270	-141.906738
6686.059570	-131.557434
6691.442871	-141.482422
6696.826172	-140.171265
6702.209473	-130.933243
6707.592773	-130.458115
6712.976074	-140.369812
6718.359375	-128.976822
6723.742676	-126.953590
6729.125977	-127.791428
6734.509277	-132.803314
6739.892578	-135.799164
6745.275879	-130.100830
6750.659180	-143.742722
6756.042480	-137.274567
6761.425781	-129.867981
6766.809082	-140.076019
6772.192383	-144.678787
6777.575684	-128.243393
6782.958984	-136.042053
6788.342285	-128.630066
6793.725586	-124.327873
6799.108887	-126.719963
6804.492188	-116.657677
6809.875488	-112.534798
6815.258789	-105.094376
6820.642090	-94.112022
6826.025391	-69.215431
6831.408691	-60.687012
6836.791992	-64.414757
6842.175293	-88.217484
6847.558594	-101.181854
6852.941895	-110.168472
6858.325195	-117.320023
6863.708496	-120.008934
6869.091797	-125.879021
6874.475098	-124.927238
6879.858398	-130.356567
6885.241699	-122.381210
6890.625000	-124.837471
6896.008301	-124.918930
6901.391602	-125.933586
6906.774902	-129.028351
6912.158203	-134.238480
6917.541504	-131.105225
6922.924805	-138.843414
6928.308105	-128.711243
6933.691406	-127.094673
6939.074707	-127.082886
6944.458008	-133.621292
6949.841309	-135.847458
6955.224609	-130.371414
6960.607910	-136.393341
6965.991211	-122.724075
6971.374512	-133.388596
6976.757812	-121.959526
6982.141113	-129.384903
6987.524414	-117.239586
6992.907715	-119.524048
6998.291016	-116.091438
7003.674316	-110.644165
7009.057617	-107.076416
7014.440918	-101.780571
7019.824219	-95.335693
7025.207520	-86.318146
7030.590820	-71.216850
7035.974121	-53.836548
7041.357422	-52.174488
7046.740723	-63.452667
7052.124023	-82.933098
7057.507324	-93.012367
7062.890625	-99.961037
7068.273926	-105.865967
7073.657227	-111.683693
7079.040527	-112.361794
7084.423828	-118.116013
7089.807129	-121.410995
7095.190430	-122.167305
7100.573730	-125.958412
7105.957031	-127.618271
7111.340332	-129.952118
7116.723633	-127.176170
7122.106934	-136.871323
7127.490234	-128.789139
7132.873535	-132.369202
7138.256836	-127.876289
7143.640137	-130.223938
7149.023438	-127.634071
7154.406738	-131.945541
7159.790039	-129.946625
7165.173340	-129.478088
7170.556641	-124.919464
7175.939941	-130.535126
7181.323242	-134.575195
7186.706543	-128.054962
7192.089844	-133.478455
7197.473145	-142.735062
7202.856445	-140.110535
7208.239746	-127.792099
7213.623047	-126.273254
7219.006348	-121.993507
7224.389648	-115.235001
7229.772949	-109.704567
7235.156250	-97.242004
7240.539551	-67.768547
7245.922852	-60.367180
7251.306152	-65.074127
7256.689453	-94.087105
7262.072754	-106.533318
7267.456055	-115.640572
7272.839355	-120.244247
7278.222656	-124.719879
7283.605957	-136.137665
7288.989258	-126.759735
7294.372559	-127.877571
7299.755859	-126.222626
7305.139160	-131.486542
7310.522461	-129.319748
7315.905762	-138.846039
7321.289062	-125.072243
7326.672363	-127.555344
7332.055664	-131.482712
7337.438965	-126.222816
7342.822266	-145.018097
7348.205566	-126.165596
7353.588867	-134.061325
7358.972168	-126.392273
7364.355469	-123.216766
7369.738770	-133.067032
7375.122070	-129.140350
7380.505371	-143.538132
7385.888672	-126.248093
7391.271973	-129.119705
7396.655273	-123.716194
7402.038574	-123.249496
7407.421875	-121.963989
7412.805176	-115.579933
7418.188477	-113.490852
7423.571777	-108.842621
7428.955078	-103.344803
7434.338379	-96.892921
7439.721680	-87.435951
7445.104980	-71.481842
7450.488281	-56.102039
7455.871582	-55.367947
7461.254883	-68.089325
7466.638184	-86.027390
7472.021484	-95.518707
7477.404785	-103.183411
7482.788086	-107.851410
7488.171387	-113.403015
7493.554688	-116.128181
7498.937988	-119.014969
7504.321289	-122.256744
7509.704590	-126.946480
7515.087891	-128.386688
7520.471191	-126.240227
7525.854492	-132.208191
7531.237793	-139.970169
7536.621094	-126.423225
7542.004395	-133.156067
7547.387695	-132.236984
7552.770996	-131.811768
7558.154297	-135.617218
7563.537598	-135.842773
7568.920898	-137.246994
7574.304199	-137.067078
7579.687500	-133.281143
7585.070801	-132.965515
7590.454102	-130.954620
7595.837402	-130.921524
7601.220703	-128.333191
7606.604004	-135.791245
7611.987305	-124.643028
7617.370605	-123.587631
7622.753906	-130.540848
7628.137207	-124.224281
7633.520508	-127.392807
7638.903809	-138.966278
7644.287109	-124.313988
7649.670410	-113.838104
7655.053711	-71.231064
7660.437012	-64.912033
7665.820312	-70.639786
7671.203613	-114.627556
7676.586914	-120.568291
7681.970215	-130.849792
7687.353516	-125.278900
7692.736816	-136.300064
7698.120117	-132.856201
7703.503418	-138.054596
7708.886719	-127.498482
7714.270020	-128.208145
7719.653320	-139.605713
7725.036621	-128.908493
7730.419922	-127.346275
7735.803223	-133.340485
7741.186523	-143.321106
7746.569824	-143.432373
7751.953125	-135.109650
7757.336426	-137.467133
7762.719727	-147.289261
7768.103027	-136.174026
7773.486328	-128.305023
7778.869629	-131.498032
7784.252930	-150.592255
7789.636230	-127.796692
7795.019531	-131.396988
7800.402832	-136.263336
7805.786133	-133.267365
7811.169434	-131.256958
7816.552734	-124.963631
7821.936035	-120.648178
7827.319336	-132.513321
7832.702637	-118.170807
7838.085938	-118.306580
7843.469238	-110.900833
7848.852539	-104.380875
7854.235840	-94.728928
7859.619141	-77.658669
7865.002441	-64.015533
7870.385742	-64.204628
7875.769043	-78.501297
7881.152344	-95.505577
7886.535645	-103.872314
7891.918945	-111.957565
7897.302246	-116.254921
7902.685547	-121.794022
7908.068848	-131.491211
7913.452148	-119.387321
7918.835449	-125.180870
7924.218750	-127.236786
7929.602051	-126.486626
7934.985352	-139.595169
7940.368652	-128.363937
7945.751953	-130.971130
7951.135254	-141.283249
7956.518555	-126.150963
7961.901855	-124.185547
7967.285156	-128.010284
7972.668457	-133.880646
7978.051758	-134.841660
7983.435059	-127.217804
7988.818359	-129.661575
7994.201660	-154.105606
7999.584961	-137.996536
8004.968262	-134.793686
8010.351562	-136.877060
8015.734863	-138.904770
8021.118164	-132.589310
8026.501465	-127.038132
8031.884766	-125.657059
8037.268066	-131.132050
8042.651367	-128.535355
8048.034668	-128.576416
8053.417969	-133.713852
8058.801270	-117.875229
8064.184570	-112.133095
8069.567871	-76.265625
8074.951172	-70.956932
8080.334473	-77.707985
8085.717773	-113.035004
8091.101074	-123.931580
8096.484375	-125.631561
8101.867676	-148.663696
8107.250977	-132.192642
8112.634277	-145.106079
8118.017578	-127.287918
8123.400879	-135.922256
8128.784180	-133.857422
8134.167480	-127.864731
8139.550781	-130.730682
8144.934082	-135.594788
8150.317383	-135.163895
8155.700684	-147.613312
8161.083984	-136.492706
8166.467285	-131.170074
8171.850586	-137.280289
8177.233887	-132.050369
8182.617188	-129.711868
8188.000488	-129.890640
8193.383789	-137.438141
8198.767090	-129.797195
8204.150391	-125.660095
8209.533691	-126.048958
8214.916992	-124.534966
8220.300293	-123.823059
8225.683594	-142.225983
8231.066895	-129.189697
8236.450195	-123.306999
8241.833496	-125.057602
8247.216797	-120.352440
8252.600098	-118.862946
8257.983398	-110.648827
8263.366699	-103.751976
8268.750000	-94.371376
8274.133301	-75.709007
8279.516602	-63.607155
8284.899902	-64.724876
8290.283203	-80.885628
8295.666504	-96.596436
8301.049805	-105.619987
8306.433105	-111.272636
8311.816406	-121.551743
8317.199707	-117.816307
8322.583008	-130.855408
8327.966309	-128.495285
8333.349609	-126.062775
8338.732910	-144.545868
8344.116211	-126.811417
8349.499512	-134.789734
8354.882812	-130.779007
8360.266113	-133.913132
8365.649414	-127.032562
8371.032715	-127.585487
8376.416016	-126.542107
8381.799316	-127.723763
8387.182617	-130.420670
8392.565918	-129.192322
8397.949219	-136.570450
8403.332520	-129.457199
8408.715820	-136.272552
8414.099121	-125.886810
8419.482422	-127.379791
8424.865723	-138.190369
8430.249023	-134.590286
8435.632324	-129.207047
8441.015625	-124.790199
8446.398926	-136.419540
8451.782227	-125.366135
8457.165527	-131.957779
8462.548828	-126.701401
8467.932129	-120.825470
8473.315430	-113.550385
8478.698730	-99.942009
8484.082031	-73.617287
8489.465332	-69.317825
8494.848633	-77.186729
8500.231934	-104.151772
8505.615234	-116.089264
8510.998535	-123.645126
8516.381836	-127.383766
8521.765137	-129.893433
8527.148438	-149.509827
8532.531738	-137.407730
8537.915039	-127.783463
8543.298340	-126.239395
8548.681641	-127.171104
8554.064941	-136.603882
8559.448242	-136.547516
8564.831543	-130.363678
8570.214844	-127.061134
8575.598145	-126.994148
8580.981445	-130.374084
8586.364746	-129.357727
8591.748047	-133.838867
8597.131348	-134.527115
8602.514648	-134.009064
8607.897949	-131.433685
8613.281250	-135.672073
8618.664551	-125.864052
8624.047852	-124.859390
8629.431152	-150.720917
8634.814453	-125.017380
8640.197754	-144.651550
8645.581055	-122.949966
8650.964355	-120.959213
8656.347656	-117.820229
8661.730957	-114.383430
8667.114258	-112.019836
8672.497559	-105.122566
8677.880859	-97.981522
8683.264160	-87.742714
8688.647461	-67.542885
8694.030762	-56.818943
8699.414062	-58.868961
8704.797363	-77.224411
8710.180664	-91.809036
8715.563965	-101.029259
8720.947266	-107.231102
8726.330566	-112.043045
8731.713867	-117.225349
8737.097168	-124.253784
8742.480469	-118.857635
8747.863770	-123.761139
8753.247070	-129.022781
8758.630371	-126.356194
8764.013672	-129.176849
8769.396973	-123.351311
8774.780273	-130.737366
8780.163574	-132.309052
8785.546875	-120.357880
8790.930176	-124.863960
8796.313477	-126.797806
8801.696777	-124.530945
8807.080078	-127.974731
8812.463379	-128.924744
8817.846680	-132.941162
8823.229980	-132.551239
8828.613281	-125.178375
8833.996582	-136.317505
8839.379883	-132.662018
8844.763184	-132.230240
8850.146484	-134.881470
8855.529785	-131.765350
8860.913086	-133.898514
8866.296387	-124.975319
8871.679688	-127.370445
8877.062988	-117.611504
8882.446289	-112.942497
8887.829590	-104.671860
8893.212891	-90.527901
8898.596191	-68.472069
8903.979492	-65.151917
8909.362793	-74.172165
8914.746094	-97.695953
8920.129395	-108.485237
8925.512695	-114.973656
8930.895996	-121.687309
8936.279297	-118.290031
8941.662598	-126.050957
8947.045898	-123.239540
8952.429199	-125.214088
8957.812500	-125.917053
8963.195801	-128.746002
8968.579102	-139.338470
8973.962402	-127.455109
8979.345703	-132.028793
8984.729004	-129.779373
8990.112305	-142.029358
8995.495605	-123.808006
9000.878906	-137.007828
9006.262207	-127.390472
9011.645508	-130.690216
9017.028809	-128.571732
9022.412109	-127.629929
9027.795410	-135.606033
9033.178711	-133.094772
9038.562012	-131.397614
9043.945312	-127.169273
9049.328613	-127.628143
9054.711914	-130.054062
9060.095215	-127.338028
9065.478516	-130.042130
9070.861816	-141.342575
9076.245117	-124.987801
9081.628418	-127.412498
9087.011719	-120.565994
9092.395020	-115.542747
9097.778320	-106.514114
9103.161621	-83.245628
9108.544922	-73.846321
9113.928223	-76.833817
9119.311523	-97.935013
9124.694824	-110.139740
9130.078125	-126.681648
9135.461426	-122.870247
9140.844727	-128.728806
9146.228027	-134.104355
9151.611328	-134.512131
9156.994629	-138.846451
9162.377930	-130.372467
9167.761230	-126.963844
9173.144531	-130.145599
9178.527832	-128.694931
9183.911133	-124.155197
9189.294434	-126.551857
9194.677734	-131.872528
9200.061035	-123.379646
9205.444336	-130.401428
9210.827637	-133.728638
9216.210938	-126.079170
9221.594238	-124.643562
9226.977539	-136.016693
9232.360840	-144.371368
9237.744141	-149.709595
9243.127441	-123.915871
9248.510742	-130.994019
9253.894043	-137.401642
9259.277344	-121.865540
9264.660645	-126.696999
9270.043945	-125.760033
9275.427246	-121.571358
9280.810547	-120.550179
9286.193848	-121.472412
9291.577148	-109.694450
9296.960449	-106.055656
9302.343750	-96.417038
9307.727051	-82.059959
9313.110352	-62.858921
9318.493652	-60.481087
9323.876953	-70.745308
9329.260254	-91.670059
9334.643555	-101.770882
9340.026855	-111.093918
9345.410156	-112.139259
9350.793457	-121.098450
9356.176758	-120.243446
9361.560059	-128.571671
9366.943359	-126.486916
9372.326660	-138.341492
9377.709961	-127.127113
9383.093262	-127.180077
9388.476562	-126.640060
9393.859863	-124.020554
9399.243164	-132.227509
9404.626465	-132.954483
9410.009766	-137.658173
9415.393066	-128.884140
9420.776367	-124.156944
9426.159668	-125.645645
9431.542969	-124.182655
9436.926270	-127.390060
9442.309570	-138.329208
9447.692871	-128.587708
9453.076172	-135.236237
9458.459473	-131.812515
9463.842773	-135.424133
9469.226074	-140.650421
9474.609375	-121.671051
9479.992676	-124.023849
9485.375977	-121.714691
9490.759277	-131.943390
9496.142578	-117.314743
9501.525879	-123.569130
9506.909180	-108.742752
9512.292480	-98.892151
9517.675781	-72.910141
9523.059082	-64.660934
9528.442383	-68.617767
9533.825684	-93.441010
9539.208984	-105.467033
9544.592285	-115.495934
9549.975586	-122.046814
9555.358887	-121.219841
9560.742188	-125.200226
9566.125488	-124.675041
9571.508789	-122.298691
9576.892090	-129.278122
9582.275391	-131.303345
9587.658691	-137.075989
9593.041992	-129.052734
9598.425293	-123.174889
9603.808594	-125.936897
9609.191895	-126.914360
9614.575195	-127.812935
9619.958496	-136.607330
9625.341797	-136.609116
9630.725098	-127.849174
9636.108398	-126.948608
9641.491699	-125.137909
9646.875000	-132.536484
9652.258301	-124.277618
9657.641602	-127.690529
9663.024902	-129.307190
9668.408203	-124.047684
9673.791504	-123.991516
9679.174805	-127.171455
9684.558105	-124.613091
9689.941406	-121.125381
9695.324707	-116.483452
9700.708008	-115.210373
9706.091309	-107.862183
9711.474609	-101.906868
9716.857910	-92.843323
9722.241211	-77.468224
9727.624512	-60.612976
9733.007812	-59.171333
9738.391113	-70.784439
9743.774414	-89.730751
9749.157715	-100.079269
9754.541016	-106.519325
9759.924316	-112.775429
9765.307617	-119.034279
9770.690918	-117.830055
9776.074219	-127.132751
9781.457520	-122.413773
9786.840820	-132.028107
9792.224121	-148.598663
9797.607422	-130.327637
9802.990723	-130.376907
9808.374023	-132.238739
9813.757324	-126.203072
9819.140625	-134.677780
9824.523926	-130.355667
9829.907227	-125.789856
9835.290527	-128.022568
9840.673828	-129.885056
9846.057129	-130.946121
9851.440430	-137.151871
9856.823730	-127.763130
9862.207031	-130.775406
9867.590332	-131.561798
9872.973633	-121.806229
9878.356934	-125.540215
9883.740234	-130.406906
9889.123535	-121.490143
9894.506836	-123.761154
9899.890137	-128.090576
9905.273438	-123.607391
9910.656738	-120.635414
9916.040039	-117.573242
9921.423340	-108.261047
9926.806641	-97.190063
9932.189941	-65.869095
9937.573242	-58.724510
9942.956543	-63.662056
9948.339844	-94.378639
9953.723145	-106.271378
9959.106445	-116.386299
9964.489746	-121.055565
9969.873047	-121.897644
9975.256348	-137.053421
9980.639648	-135.535782
9986.022949	-123.125481
9991.406250	-132.188583
9996.789551	-129.381622
10002.172852	-124.847160
10007.556152	-124.098053
10012.939453	-126.661163
10018.322754	-151.219971
10023.706055	-128.115799
10029.089355	-127.000916
10034.472656	-127.994118
10039.855957	-126.661385
10045.239258	-126.245781
10050.622559	-128.517410
10056.005859	-128.221802
10061.389160	-131.374008
10066.772461	-128.279282
10072.155762	-120.460022
10077.539062	-129.106247
10082.922363	-139.309769
10088.305664	-125.563309
10093.688965	-121.800461
10099.072266	-126.885811
10104.455566	-124.555519
10109.838867	-117.532234
10115.222168	-114.956604
10120.605469	-110.246857
10125.988770	-102.617538
10131.372070	-93.603683
10136.755371	-77.303757
10142.138672	-62.368519
10147.521973	-61.852684
10152.905273	-74.925423
10158.288574	-92.625755
10163.671875	-102.004852
10169.055176	-109.305984
10174.438477	-114.858688
10179.821777	-117.729614
10185.205078	-122.207596
10190.588379	-124.596840
10195.971680	-131.420227
10201.354980	-123.833839
10206.738281	-136.727737
10212.121582	-128.028473
10217.504883	-143.880478
10222.888184	-128.618546
10228.271484	-120.977386
10233.654785	-126.024796
10239.038086	-132.793884
10244.421387	-130.396576
10249.804688	-131.484222
10255.187988	-126.959641
10260.571289	-126.777428
10265.954590	-130.572113
10271.337891	-127.243568
10276.721191	-138.877090
10282.104492	-130.623566
10287.487793	-127.301453
10292.871094	-127.457680
10298.254395	-135.684601
10303.637695	-135.855957
10309.020996	-137.598969
10314.404297	-130.008606
10319.787598	-124.933128
10325.170898	-128.031036
10330.554199	-129.526855
10335.937500	-121.126457
10341.320801	-129.073151
10346.704102	-69.968765
10352.087402	-63.895496
10357.470703	-69.851723
10362.854004	-125.578674
10368.237305	-130.857574
10373.620605	-129.529724
10379.003906	-128.811478
10384.387207	-122.279495
10389.770508	-129.022705
10395.153809	-132.341812
10400.537109	-129.237473
10405.920410	-131.942474
10411.303711	-142.412354
10416.687012	-134.101135
10422.070312	-125.218811
10427.453613	-129.202972
10432.836914	-134.429245
10438.220215	-152.201553
10443.603516	-130.617538
10448.986816	-130.045227
10454.370117	-137.248642
10459.753418	-140.679245
10465.136719	-134.283249
10470.520020	-126.914223
10475.903320	-128.388733
10481.286621	-133.800018
10486.669922	-145.074371
10492.053223	-130.369476
10497.436523	-133.362167
10502.819824	-139.756348
10508.203125	-133.579559
10513.586426	-124.484406
10518.969727	-129.481506
10524.353027	-129.027054
10529.736328	-128.400406
10535.119629	-121.988594
10540.502930	-118.526756
10545.886230	-108.765717
10551.269531	-90.948860
10556.652832	-77.768990
10562.036133	-78.197418
10567.419434	-92.958107
10572.802734	-109.666870
10578.186035	-116.859131
10583.569336	-125.572952
10588.952637	-132.353745
10594.335938	-132.419785
10599.719238	-126.812492
10605.102539	-125.324203
10610.485840	-125.323204
10615.869141	-133.430161
10621.252441	-125.505577
10626.635742	-126.454803
10632.019043	-131.203445
10637.402344	-128.040710
10642.785645	-122.981514
10648.168945	-125.793381
10653.552246	-144.094452
10658.935547	-132.361206
10664.318848	-126.391922
10669.702148	-127.040428
10675.085449	-134.536392
10680.468750	-125.203896
10685.852051	-126.482468
10691.235352	-126.756439
10696.618652	-135.391357
10702.001953	-133.016220
10707.385254	-133.313492
10712.768555	-134.039230
10718.151855	-131.070404
10723.535156	-128.113541
10728.918457	-123.641510
10734.301758	-129.591217
10739.685059	-119.688133
10745.068359	-133.772705
10750.451660	-117.274284
10755.834961	-103.260750
10761.218262	-71.942024
10766.601562	-66.894020
10771.984863	-73.925110
10777.368164	-105.959122
10782.751465	-116.464600
10788.134766	-128.365021
10793.518066	-130.328491
10798.901367	-148.814667
10804.284668	-130.864914
10809.667969	-134.441422
10815.051270	-133.748917
10820.434570	-138.617874
10825.817871	-129.383972
10831.201172	-130.004364
10836.584473	-130.446960
10841.967773	-132.690613
10847.351074	-137.589508
10852.734375	-134.747879
10858.117676	-133.188751
10863.500977	-135.312775
10868.884277	-135.650558
10874.267578	-130.206100
10879.650879	-130.155563
10885.034180	-125.844498
10890.417480	-122.743195
10895.800781	-121.946877
10901.184082	-127.734245
10906.567383	-125.534103
10911.950684	-133.306030
10917.333984	-125.310989
10922.717285	-121.582245
10928.100586	-124.064102
10933.483887	-119.043663
10938.867188	-113.773163
10944.250488	-110.512955
10949.633789	-104.324280
10955.017090	-97.541405
10960.400391	-87.496559
10965.783691	-68.631981
10971.166992	-56.860920
10976.550293	-58.195141
10981.933594	-74.830513
10987.316895	-90.183250
10992.700195	-99.408348
10998.083496	-105.919884
11003.466797	-110.877708
11008.850098	-116.212593
11014.233398	-118.306396
11019.616699	-123.556923
11025.000000	-127.724640
11030.383301	-122.849609
11035.766602	-138.230362
11041.149902	-126.689888
11046.533203	-132.027710
11051.916504	-124.977318
11057.299805	-132.159348
11062.683105	-135.921951
11068.066406	-132.185272
11073.449707	-130.533371
11078.833008	-130.887970
11084.216309	-124.168381
11089.599609	-130.134430
11094.982910	-133.767883
11100.366211	-138.580795
11105.749512	-134.380249
11111.132812	-138.788773
11116.516113	-126.576599
11121.899414	-126.903816
11127.282715	-135.815323
11132.666016	-129.938812
11138.049316	-120.410576
11143.432617	-117.507233
11148.815918	-116.205727
11154.199219	-108.920006
11159.582520	-103.442162
11164.965820	-94.854294
11170.349121	-81.768616
11175.732422	-56.488823
11181.115723	-52.419964
11186.499023	-60.546185
11191.882324	-86.763870
11197.265625	-97.933250
11202.648926	-105.373299
11208.032227	-110.880516
11213.415527	-116.769989
11218.798828	-119.043434
11224.182129	-125.281044
11229.565430	-122.960800
11234.948730	-130.606293
11240.332031	-135.472168
11245.715332	-139.760788
11251.098633	-127.242851
11256.481934	-129.973007
11261.865234	-135.320984
11267.248535	-135.715668
11272.631836	-127.004723
11278.015137	-133.663010
11283.398438	-140.243286
11288.781738	-134.714508
11294.165039	-131.468155
11299.548340	-148.464294
11304.931641	-130.460693
11310.314941	-129.002289
11315.698242	-127.162651
11321.081543	-128.477417
11326.464844	-126.862740
11331.848145	-138.623672
11337.231445	-133.570267
11342.614746	-131.157120
11347.998047	-135.223511
11353.381348	-125.409637
11358.764648	-130.209213
11364.147949	-116.168732
11369.531250	-111.376328
11374.914551	-100.891800
11380.297852	-80.055779
11385.681152	-69.658844
11391.064453	-71.929276
11396.447754	-90.817566
11401.831055	-105.605446
11407.214355	-113.067535
11412.597656	-122.587837
11417.980957	-127.324654
11423.364258	-123.684052
11428.747559	-132.133972
11434.130859	-126.981255
11439.514160	-128.655945
11444.897461	-125.688339
11450.280762	-132.726578
11455.664062	-132.862259
11461.047363	-132.945206
11466.430664	-127.740784
11471.813965	-126.958946
11477.197266	-132.920349
11482.580566	-136.229156
11487.963867	-131.804047
11493.347168	-134.607086
11498.730469	-147.799728
11504.113770	-135.176926
11509.497070	-137.319656
11514.880371	-138.860474
11520.263672	-137.418915
11525.646973	-139.578232
11531.030273	-144.761215
11536.413574	-126.923340
11541.796875	-130.308685
11547.180176	-124.374443
11552.563477	-131.426910
11557.946777	-124.496803
11563.330078	-122.306778
11568.713379	-114.795242
11574.096680	-109.745735
11579.479980	-101.059334
11584.863281	-87.125969
11590.246582	-65.727852
11595.629883	-62.624584
11601.013184	-71.936630
11606.396484	-94.583481
11611.779785	-105.797134
11617.163086	-112.546249
11622.546387	-117.939674
11627.929688	-126.320503
11633.312988	-122.940331
11638.696289	-135.292053
11644.079590	-130.600662
11649.462891	-139.220169
11654.846191	-132.907822
11660.229492	-135.589218
11665.612793	-130.678635
11670.996094	-133.101624
11676.379395	-129.768677
11681.762695	-127.300667
11687.145996	-138.325134
11692.529297	-136.413910
11697.912598	-136.266602
11703.295898	-133.829071
11708.679199	-139.619293
11714.062500	-139.864700
11719.445801	-148.830078
11724.829102	-129.581451
11730.212402	-126.952957
11735.595703	-130.549240
11740.979004	-131.072479
11746.362305	-131.420212
11751.745605	-137.271988
11757.128906	-132.641632
11762.512207	-137.964478
11767.895508	-126.426895
11773.278809	-133.997192
11778.662109	-119.791656
11784.045410	-117.339996
11789.428711	-105.197342
11794.812012	-81.927376
11800.195312	-72.790375
11805.578613	-76.009926
11810.961914	-97.701660
11816.345215	-111.924820
11821.728516	-119.503105
11827.111816	-126.597427
11832.495117	-138.999847
11837.878418	-130.222961
11843.261719	-144.087997
11848.645020	-133.023651
11854.028320	-135.177124
11859.411621	-131.913651
11864.794922	-128.054565
11870.178223	-142.996277
11875.561523	-133.582611
11880.944824	-135.751175
11886.328125	-146.209457
11891.711426	-137.060532
11897.094727	-136.586014
11902.478027	-129.237198
11907.861328	-130.217224
11913.244629	-138.783951
11918.627930	-139.168976
11924.011230	-133.457291
11929.394531	-133.493164
11934.777832	-136.337509
11940.161133	-134.041992
11945.544434	-131.675262
11950.927734	-130.392899
11956.311035	-130.924149
11961.694336	-128.060074
11967.077637	-130.515991
11972.460938	-129.722366
11977.844238	-131.026337
11983.227539	-127.651215
11988.610840	-120.086464
11993.994141	-111.535835
11999.377441	-96.615555
12004.760742	-78.034828
12010.144043	-75.871574
12015.527344	-86.418030
12020.910645	-106.988594
12026.293945	-116.645309
12031.677246	-127.677536
12037.060547	-126.394592
12042.443848	-136.548309
12047.827148	-154.040726
12053.210449	-131.217300
12058.593750	-144.230270
12063.977051	-143.685867
12069.360352	-138.138260
12074.743652	-138.842636
12080.126953	-138.261703
12085.510254	-148.769089
12090.893555	-135.618454
12096.276855	-136.158936
12101.660156	-149.826584
12107.043457	-145.744171
12112.426758	-144.406097
12117.810059	-139.275238
12123.193359	-137.454849
12128.576660	-136.109665
12133.959961	-143.731796
12139.343262	-169.638992
12144.726562	-138.435760
12150.109863	-132.073914
12155.493164	-129.776306
12160.876465	-143.548187
12166.259766	-137.538681
12171.643066	-138.912170
12177.026367	-125.089417
12182.409668	-129.764694
12187.792969	-124.130852
12193.176270	-116.071541
12198.559570	-109.447189
12203.942871	-98.016838
12209.326172	-71.322495
12214.709473	-63.329830
12220.092773	-67.516151
12225.476074	-93.428986
12230.859375	-106.194260
12236.242676	-114.861969
12241.625977	-122.712112
12247.009277	-123.668533
12252.392578	-129.143814
12257.775879	-137.827347
12263.159180	-131.643326
12268.542480	-136.218399
12273.925781	-130.767700
12279.309082	-135.220505
12284.692383	-138.167618
12290.075684	-135.046280
12295.458984	-134.209778
12300.842285	-130.981277
12306.225586	-134.078949
12311.608887	-137.402863
12316.992188	-143.433319
12322.375488	-136.078201
12327.758789	-136.349930
12333.142090	-159.666489
12338.525391	-141.237839
12343.908691	-135.296921
12349.291992	-132.852493
12354.675293	-136.102356
12360.058594	-138.660446
12365.441895	-135.282425
12370.825195	-144.967239
12376.208496	-137.054214
12381.591797	-127.714722
12386.975098	-134.130096
12392.358398	-121.949333
12397.741699	-120.181160
12403.125000	-112.165642
12408.508301	-103.435501
12413.891602	-87.809776
12419.274902	-71.442566
12424.658203	-70.221375
12430.041504	-82.161438
12435.424805	-100.838348
12440.808105	-110.850906
12446.191406	-117.488144
12451.574707	-123.885460
12456.958008	-127.624428
12462.341309	-129.190018
12467.724609	-137.407120
12473.107910	-127.776382
12478.491211	-132.551025
12483.874512	-148.161057
12489.257812	-139.324478
12494.641113	-131.207626
12500.024414	-127.799164
12505.407715	-129.692062
12510.791016	-130.939316
12516.174316	-131.598434
12521.557617	-136.197266
12526.940918	-138.910278
12532.324219	-151.778000
12537.707520	-140.594543
12543.090820	-134.570190
12548.474121	-127.219460
12553.857422	-131.270294
12559.240723	-141.418228
12564.624023	-135.277161
12570.007324	-138.731155
12575.390625	-132.952484
12580.773926	-133.831238
12586.157227	-137.321671
12591.540527	-138.420868
12596.923828	-136.007584
12602.307129	-129.912476
12607.690430	-123.733978
12613.073730	-118.694664
12618.457031	-105.971451
12623.840332	-72.707680
12629.223633	-65.815178
12634.606934	-70.990776
12639.990234	-103.810890
12645.373535	-117.284859
12650.756836	-122.133980
12656.140137	-137.148911
12661.523438	-134.720184
12666.906738	-133.283905
12672.290039	-142.003754
12677.673340	-132.767365
12683.056641	-129.788300
12688.439941	-135.090317
12693.823242	-141.093979
12699.206543	-131.390396
12704.589844	-133.318710
12709.973145	-133.505524
12715.356445	-140.885818
12720.739746	-147.353745
12726.123047	-136.108093
12731.506348	-141.157776
12736.889648	-136.164902
12742.272949	-134.882309
12747.656250	-139.117523
12753.039551	-135.012863
12758.422852	-133.908401
12763.806152	-134.502335
12769.189453	-141.140976
12774.572754	-135.483429
12779.956055	-140.640366
12785.339355	-127.907890
12790.722656	-129.370087
12796.105957	-132.561020
12801.489258	-120.197495
12806.872559	-120.366043
12812.255859	-113.044716
12817.639160	-106.431038
12823.022461	-96.966103
12828.405762	-80.517120
12833.789062	-65.978226
12839.172363	-65.678520
12844.555664	-79.128990
12849.938965	-96.394272
12855.322266	-106.215088
12860.705566	-112.597145
12866.088867	-118.203362
12871.472168	-123.719109
12876.855469	-125.252518
12882.238770	-132.229996
12887.622070	-131.294144
12893.005371	-138.042084
12898.388672	-129.827255
12903.771973	-142.565109
12909.155273	-133.591019
12914.538574	-129.034500
12919.921875	-130.221054
12925.305176	-130.804169
12930.688477	-132.144196
12936.071777	-133.313599
12941.455078	-142.257935
12946.838379	-134.789963
12952.221680	-132.390182
12957.604980	-142.928986
12962.988281	-130.359161
12968.371582	-127.927437
12973.754883	-134.268097
12979.138184	-133.624878
12984.521484	-130.952301
12989.904785	-142.259048
12995.288086	-132.468185
13000.671387	-130.254837
13006.054688	-130.271820
13011.437988	-131.303024
13016.821289	-133.419617
13022.204590	-132.859360
13027.587891	-132.550903
13032.971191	-116.443161
13038.354492	-70.398293
13043.737793	-64.560135
13049.121094	-70.759651
13054.504395	-117.675674
13059.887695	-130.737152
13065.270996	-134.041885
13070.654297	-130.937134
13076.037598	-142.733963
13081.420898	-143.045029
13086.804199	-135.076584
13092.187500	-133.595398
13097.570801	-127.496124
13102.954102	-126.001602
13108.337402	-128.273972
13113.720703	-127.836693
13119.104004	-136.326950
13124.487305	-136.582321
13129.870605	-134.626556
13135.253906	-136.128204
13140.637207	-137.689133
13146.020508	-136.302750
13151.403809	-129.838577
13156.787109	-129.953522
13162.170410	-137.883926
13167.553711	-132.215714
13172.937012	-144.544434
13178.320312	-128.356781
13183.703613	-128.601532
13189.086914	-128.187180
13194.470215	-127.544533
13199.853516	-122.844910
13205.236816	-134.684311
13210.620117	-123.845589
13216.003418	-123.056625
13221.386719	-116.107559
13226.770020	-112.845055
13232.153320	-104.924637
13237.536621	-95.416801
13242.919922	-77.628342
13248.303223	-64.724411
13253.686523	-65.344879
13259.069824	-80.473763
13264.453125	-96.752663
13269.836426	-105.991226
13275.219727	-111.376045
13280.603027	-121.343796
13285.986328	-119.799301
13291.369629	-132.101852
13296.752930	-125.722771
13302.136230	-127.660698
13307.519531	-137.469360
13312.902832	-124.363083
13318.286133	-128.624893
13323.669434	-133.920853
13329.052734	-130.245987
13334.436035	-133.280075
13339.819336	-142.780396
13345.202637	-130.527740
13350.585938	-129.637558
13355.969238	-134.312225
13361.352539	-128.017441
13366.735840	-128.845108
13372.119141	-132.614716
13377.502441	-123.457726
13382.885742	-121.947067
13388.269043	-125.905525
13393.652344	-139.469345
13399.035645	-133.835434
13404.418945	-134.893112
13409.802246	-135.347855
13415.185547	-137.825241
13420.568848	-131.259018
13425.952148	-135.050873
13431.335449	-124.346115
13436.718750	-128.933640
13442.102051	-118.932640
13447.485352	-105.450089
13452.868652	-75.997726
13458.251953	-71.171455
13463.635254	-78.432838
13469.018555	-109.553017
13474.401855	-116.661728
13479.785156	-126.849243
13485.168457	-126.736328
13490.551758	-122.097847
13495.935059	-129.812347
13501.318359	-124.744957
13506.701660	-130.027298
13512.084961	-135.810684
13517.468262	-128.537857
13522.851562	-130.480087
13528.234863	-126.261383
13533.618164	-124.307579
13539.001465	-125.737312
13544.384766	-122.626389
13549.768066	-122.351173
13555.151367	-125.812202
13560.534668	-124.317062
13565.917969	-125.437241
13571.301270	-131.980133
13576.684570	-130.606400
13582.067871	-130.631699
13587.451172	-125.490417
13592.834473	-128.589508
13598.217773	-132.552658
13603.601074	-134.125092
13608.984375	-134.532257
13614.367676	-133.909439
13619.750977	-123.209595
13625.134277	-128.892273
13630.517578	-127.298477
13635.900879	-120.964340
13641.284180	-111.953514
13646.667480	-108.281487
13652.050781	-97.001160
13657.434082	-77.884644
13662.817383	-66.433601
13668.200684	-67.978149
13673.583984	-85.044350
13678.967285	-100.395126
13684.350586	-109.103874
13689.733887	-116.471153
13695.117188	-122.482216
13700.500488	-123.163040
13705.883789	-126.536858
13711.267090	-127.256264
13716.650391	-129.044754
13722.033691	-129.746063
13727.416992	-125.039612
13732.800293	-134.661957
13738.183594	-142.150284
13743.566895	-136.033936
13748.950195	-132.151581
13754.333496	-125.699593
13759.716797	-134.702850
13765.100098	-128.698502
13770.483398	-126.056862
13775.866699	-132.947220
13781.250000	-131.898956
13786.633301	-129.468124
13792.016602	-127.454224
13797.399902	-124.268761
13802.783203	-124.675728
13808.166504	-130.007126
13813.549805	-139.860428
13818.933105	-130.502121
13824.316406	-124.599808
13829.699707	-117.911713
13835.083008	-125.099983
13840.466309	-129.685928
13845.849609	-126.505371
13851.232910	-119.963623
13856.616211	-118.319427
13861.999512	-108.256958
13867.382812	-83.096130
13872.766113	-79.249977
13878.149414	-87.735229
13883.532715	-112.394402
13888.916016	-121.480560
13894.299316	-125.754227
13899.682617	-125.732628
13905.065918	-120.995850
13910.449219	-125.320457
13915.832520	-131.251709
13921.215820	-131.156418
13926.599121	-127.293365
13931.982422	-123.701950
13937.365723	-127.899185
13942.749023	-125.243713
13948.132324	-124.342194
13953.515625	-124.374367
13958.898926	-124.368324
13964.282227	-136.370956
13969.665527	-126.038635
13975.048828	-127.700455
13980.432129	-138.190140
13985.815430	-135.532990
13991.198730	-135.472443
13996.582031	-122.175217
14001.965332	-117.956322
14007.348633	-118.398544
14012.731934	-125.230453
14018.115234	-137.021988
14023.498535	-128.785339
14028.881836	-134.981567
14034.265137	-115.190315
14039.648438	-131.042450
14045.031738	-121.341080
14050.415039	-113.446228
14055.798340	-110.272209
14061.181641	-101.347847
14066.564941	-91.905396
14071.948242	-70.419609
14077.331543	-60.321514
14082.714844	-62.816490
14088.098145	-82.394363
14093.481445	-96.700638
14098.864746	-104.313225
14104.248047	-113.913750
14109.631348	-116.885948
14115.014648	-118.912857
14120.397949	-126.105453
14125.781250	-125.788612
14131.164551	-124.692932
14136.547852	-121.002693
14141.931152	-144.980347
14147.314453	-125.599533
14152.697754	-118.295914
14158.081055	-118.876190
14163.464355	-121.614487
14168.847656	-124.408852
14174.230957	-121.904915
14179.614258	-126.353951
14184.997559	-131.900314
14190.380859	-119.355415
14195.764160	-118.550774
14201.147461	-136.841202
14206.530762	-123.508904
14211.914062	-134.154419
14217.297363	-134.496811
14222.680664	-131.352142
14228.063965	-134.332397
14233.447266	-129.811356
14238.830566	-121.427048
14244.213867	-125.412643
14249.597168	-120.087868
14254.980469	-130.604111
14260.363770	-113.579857
14265.747070	-114.739723
14271.130371	-100.805832
14276.513672	-89.030556
14281.896973	-68.016930
14287.280273	-65.125870
14292.663574	-74.718750
14298.046875	-96.884346
14303.430176	-107.556511
14308.813477	-114.685715
14314.196777	-118.196121
14319.580078	-134.830353
14324.963379	-117.165306
14330.346680	-121.894646
14335.729980	-123.095192
14341.113281	-116.732147
14346.496582	-117.383583
14351.879883	-122.096313
14357.263184	-130.293381
14362.646484	-129.088074
14368.029785	-156.907455
14373.413086	-128.004761
14378.796387	-122.745735
14384.179688	-127.489807
14389.562988	-126.276283
14394.946289	-125.116562
14400.329590	-128.196564
14405.712891	-123.695190
14411.096191	-125.212898
14416.479492	-133.100266
14421.862793	-130.321228
14427.246094	-136.412537
14432.629395	-133.431473
14438.012695	-130.168274
14443.395996	-127.089539
14448.779297	-129.110916
14454.162598	-117.055016
14459.545898	-120.969841
14464.929199	-116.145676
14470.312500	-114.997734
14475.695801	-105.936783
14481.079102	-95.271477
14486.462402	-71.441223
14491.845703	-62.561195
14497.229004	-66.004974
14502.612305	-88.574898
14507.995605	-102.807526
14513.378906	-108.788063
14518.762207	-116.843048
14524.145508	-120.662331
14529.528809	-128.832535
14534.912109	-117.069260
14540.295410	-126.969086
14545.678711	-127.807693
14551.062012	-123.795479
14556.445312	-119.139595
14561.828613	-117.271034
14567.211914	-118.956604
14572.595215	-121.646492
14577.978516	-118.281456
14583.361816	-118.813698
14588.745117	-124.647301
14594.128418	-122.584831
14599.511719	-127.053444
14604.895020	-128.648315
14610.278320	-122.463051
14615.661621	-123.733276
14621.044922	-116.947075
14626.428223	-116.370697
14631.811523	-126.738625
14637.194824	-116.608505
14642.578125	-114.926674
14647.961426	-127.640358
14653.344727	-119.605209
14658.728027	-118.613754
14664.111328	-122.276588
14669.494629	-116.591507
14674.877930	-117.101677
14680.261230	-111.276581
14685.644531	-103.152359
14691.027832	-87.966476
14696.411133	-69.949196
14701.794434	-68.013412
14707.177734	-78.927582
14712.561035	-98.291023
14717.944336	-111.572235
14723.327637	-114.298576
14728.710938	-119.928497
14734.094238	-121.070152
14739.477539	-120.472755
14744.860840	-119.105072
14750.244141	-116.818558
14755.627441	-116.628937
14761.010742	-117.562828
14766.394043	-117.198250
14771.777344	-134.488861
14777.160645	-122.523193
14782.543945	-135.207138
14787.927246	-121.739212
14793.310547	-130.441925
14798.693848	-125.319572
14804.077148	-124.312950
14809.460449	-124.524117
14814.843750	-122.783066
14820.227051	-120.964119
14825.610352	-115.919083
14830.993652	-118.057358
14836.376953	-121.883888
14841.760254	-117.389893
14847.143555	-119.204987
14852.526855	-128.800186
14857.910156	-130.309814
14863.293457	-117.739243
14868.676758	-121.212753
14874.060059	-122.321060
14879.443359	-116.658340
14884.826660	-119.275764
14890.209961	-108.734398
14895.593262	-97.066689
14900.976562	-69.474625
14906.359863	-61.740318
14911.743164	-66.160690
14917.126465	-93.539963
14922.509766	-105.992790
14927.893066	-112.623985
14933.276367	-116.202126
14938.659668	-120.035378
14944.042969	-132.076492
14949.426270	-117.098618
14954.809570	-113.687408
14960.192871	-116.804810
14965.576172	-129.819809
14970.959473	-137.891769
14976.342773	-129.246338
14981.726074	-121.824036
14987.109375	-119.842545
14992.492676	-122.669937
14997.875977	-125.665962
15003.259277	-138.536789
15008.642578	-122.807899
15014.025879	-117.364159
15019.409180	-116.595589
15024.792480	-117.127243
15030.175781	-120.106651
15035.559082	-120.743240
15040.942383	-132.330872
15046.325684	-120.976234
15051.708984	-119.748680
15057.092285	-115.691299
15062.475586	-115.822952
15067.858887	-121.558853
15073.242188	-115.070381
15078.625488	-142.584610
15084.008789	-114.623077
15089.392090	-112.174171
15094.775391	-103.347816
15100.158691	-95.256966
15105.541992	-79.125381
15110.925293	-63.310017
15116.308594	-62.313686
15121.691895	-74.554993
15127.075195	-92.969376
15132.458496	-103.744217
15137.841797	-107.740822
15143.225098	-117.428474
15148.608398	-124.851707
15153.991699	-118.842308
15159.375000	-116.511681
15164.758301	-114.674904
15170.141602	-116.385117
15175.524902	-125.920837
15180.908203	-131.216721
15186.291504	-126.864052
15191.674805	-120.109444
15197.058105	-119.053490
15202.441406	-127.432274
15207.824707	-117.212021
15213.208008	-115.092407
15218.591309	-117.609283
15223.974609	-120.818550
15229.357910	-124.642273
15234.741211	-117.315956
15240.124512	-118.259598
15245.507812	-132.722733
15250.891113	-119.571846
15256.274414	-119.359947
15261.657715	-122.798325
15267.041016	-123.467705
15272.424316	-122.805489
15277.807617	-117.558456
15283.190918	-128.079697
15288.574219	-118.822823
15293.957520	-115.051796
15299.340820	-132.411758
15304.724121	-121.684212
15310.107422	-108.179626
15315.490723	-71.877823
15320.874023	-65.242355
15326.257324	-70.644928
15331.640625	-104.896614
15337.023926	-121.885262
15342.407227	-124.768188
15347.790527	-123.336670
15353.173828	-119.748528
15358.557129	-118.964455
15363.940430	-115.483574
15369.323730	-114.145798
15374.707031	-118.379906
15380.090332	-120.744301
15385.473633	-117.489136
15390.856934	-119.484032
15396.240234	-123.328392
15401.623535	-133.432205
15407.006836	-123.467743
15412.390137	-118.692207
15417.773438	-129.671524
15423.156738	-114.908775
15428.540039	-118.241745
15433.923340	-119.375076
15439.306641	-120.454597
15444.689941	-122.309898
15450.073242	-123.730095
15455.456543	-114.150024
15460.839844	-121.853256
15466.223145	-130.885056
15471.606445	-129.328552
15476.989746	-123.876747
15482.373047	-120.582344
15487.756348	-112.130676
15493.139648	-115.970177
15498.522949	-114.449974
15503.906250	-116.950676
15509.289551	-111.489113
15514.672852	-100.096298
15520.056152	-84.057762
15525.439453	-69.871353
15530.822754	-69.807823
15536.206055	-83.601112
15541.589355	-101.219078
15546.972656	-110.602516
15552.355957	-113.353874
15557.739258	-117.904785
15563.122559	-123.592430
15568.505859	-134.060471
15573.889160	-123.740707
15579.272461	-119.037514
15584.655762	-116.466133
15590.039062	-121.769272
15595.422363	-126.101067
15600.805664	-131.394577
15606.188965	-124.114677
15611.572266	-124.684128
15616.955566	-116.160240
15622.338867	-117.495529
15627.722168	-120.878029
15633.105469	-111.638817
15638.488770	-110.314293
15643.872070	-115.515656
15649.255371	-117.625916
15654.638672	-121.852036
15660.021973	-115.136559
15665.405273	-116.780693
15670.788574	-116.336220
15676.171875	-120.121117
15681.555176	-121.998390
15686.938477	-140.262909
15692.321777	-121.723175
15697.705078	-117.006340
15703.088379	-125.239494
15708.471680	-114.944450
15713.854980	-123.177353
15719.238281	-116.427132
15724.621582	-110.541130
15730.004883	-74.463646
15735.388184	-68.902779
15740.771484	-75.403687
15746.154785	-112.313126
15751.538086	-114.164597
15756.921387	-113.762428
15762.304688	-117.983078
15767.687988	-127.768745
15773.071289	-121.449181
15778.454590	-119.229469
15783.837891	-120.961166
15789.221191	-126.775948
15794.604492	-117.380966
15799.987793	-117.030449
15805.371094	-118.333908
15810.754395	-123.430252
15816.137695	-114.769775
15821.520996	-112.004189
15826.904297	-114.320564
15832.287598	-120.389343
15837.670898	-118.997261
15843.054199	-128.017395
15848.437500	-120.355560
15853.820801	-123.440651
15859.204102	-120.217903
15864.587402	-122.082977
15869.970703	-123.449760
15875.354004	-121.399933
15880.737305	-117.861008
15886.120605	-117.603622
15891.503906	-117.237915
15896.887207	-115.961174
15902.270508	-119.433434
15907.653809	-114.738884
15913.037109	-114.310555
15918.420410	-109.833092
15923.803711	-105.193138
15929.187012	-94.787369
15934.570312	-76.611427
15939.953613	-64.085617
15945.336914	-64.908989
15950.720215	-80.300209
15956.103516	-97.398407
15961.486816	-104.666649
15966.870117	-112.156219
15972.253418	-116.288902
15977.636719	-121.224426
15983.020020	-133.846069
15988.403320	-126.321716
15993.786621	-115.598694
15999.169922	-111.347633
16004.553223	-114.490196
16009.936523	-124.657928
16015.319824	-121.308067
16020.703125	-117.095123
16026.086426	-124.321869
16031.469727	-123.272926
16036.853027	-124.795448
16042.236328	-118.392067
16047.619629	-112.636566
16053.002930	-113.207123
16058.386230	-127.624016
16063.769531	-119.276703
16069.152832	-115.023407
16074.536133	-112.899597
16079.919434	-118.936600
16085.302734	-134.555939
16090.686035	-118.448174
16096.069336	-117.428024
16101.452637	-118.172821
16106.835938	-119.194412
16112.219238	-118.413971
16117.602539	-110.943115
16122.985840	-117.301270
16128.369141	-110.114639
16133.752441	-114.090317
16139.135742	-103.139900
16144.519043	-75.522812
16149.902344	-70.906967
16155.285645	-78.390656
16160.668945	-108.504623
16166.052246	-118.087158
16171.435547	-109.928955
16176.818848	-114.553444
16182.202148	-115.594223
16187.585449	-112.122971
16192.968750	-112.291481
16198.352051	-115.819122
16203.735352	-119.133408
16209.118652	-118.661469
16214.501953	-114.030518
16219.885254	-113.800446
16225.268555	-113.839699
16230.651855	-118.995811
16236.035156	-124.289711
16241.418457	-115.166916
16246.801758	-111.742226
16252.185059	-112.488190
16257.568359	-110.144211
16262.951660	-114.276268
16268.334961	-116.861565
16273.718262	-119.386024
16279.101562	-116.025208
16284.484863	-111.159859
16289.868164	-113.206909
16295.251465	-124.195915
16300.634766	-122.363068
16306.018066	-118.943840
16311.401367	-131.771652
16316.784668	-113.061424
16322.167969	-112.152336
16327.551270	-110.966240
16332.934570	-117.556999
16338.317871	-105.434647
16343.701172	-105.974304
16349.084473	-81.553299
16354.467773	-70.567757
16359.851074	-72.313889
16365.234375	-89.950798
16370.617676	-103.817856
16376.000977	-115.949989
16381.384277	-110.593414
16386.767578	-114.740395
16392.150879	-115.176979
16397.534180	-118.453476
16402.917480	-126.387527
16408.300781	-122.932922
16413.684082	-116.314018
16419.067383	-120.932457
16424.450684	-115.657005
16429.833984	-115.534966
16435.217285	-124.252243
16440.600586	-116.038071
16445.983887	-113.175201
16451.367188	-120.887489
16456.750488	-112.946915
16462.133789	-113.502396
16467.517090	-119.452499
16472.900391	-115.858620
16478.283691	-123.466713
16483.666992	-109.786491
16489.050293	-108.606033
16494.433594	-122.836205
16499.816895	-115.549118
16505.200195	-116.875107
16510.583496	-118.925842
16515.966797	-118.646301
16521.350098	-122.836014
16526.733398	-116.130600
16532.116699	-117.235641
16537.500000	-120.026436
16542.883301	-118.884392
16548.266602	-118.196884
16553.649902	-100.739586
16559.033203	-80.996300
16564.416504	-77.598167
16569.799805	-86.211929
16575.183105	-117.250450
16580.566406	-114.404137
16585.949707	-120.149933
16591.333008	-112.147850
16596.716309	-109.648804
16602.099609	-110.901497
16607.482910	-115.703934
16612.866211	-116.799545
16618.249512	-113.226189
16623.632812	-110.561348
16629.016113	-109.804253
16634.399414	-107.299538
16639.782715	-104.787079
16645.166016	-106.325798
16650.549316	-109.539986
16655.932617	-110.038055
16661.315918	-110.794762
16666.699219	-117.195732
16672.082520	-113.499725
16677.465820	-113.274246
16682.849121	-111.999954
16688.232422	-111.824638
16693.615723	-115.382561
16698.999023	-121.827766
16704.382324	-107.982262
16709.765625	-108.019432
16715.148926	-112.664604
16720.532227	-125.271004
16725.915527	-122.102821
16731.298828	-113.306946
16736.682129	-116.436661
16742.065430	-135.577759
16747.448730	-121.082039
16752.832031	-109.412209
16758.215332	-120.838715
16763.598633	-85.079010
16768.981934	-75.713768
16774.365234	-78.470955
16779.748535	-97.601692
16785.131836	-126.284966
16790.515137	-112.610672
16795.898438	-119.340347
16801.281738	-117.145988
16806.665039	-120.426933
16812.048340	-114.079323
16817.431641	-114.254463
16822.814941	-109.597855
16828.198242	-109.120987
16833.581543	-121.341759
16838.964844	-115.450089
16844.348145	-119.405937
16849.731445	-119.136070
16855.114746	-124.271454
16860.498047	-125.305138
16865.881348	-114.157799
16871.264648	-109.123291
16876.647949	-110.249260
16882.031250	-114.605743
16887.414551	-121.449722
16892.797852	-114.450516
16898.181152	-113.649178
16903.564453	-120.225258
16908.947754	-117.755661
16914.331055	-118.412292
16919.714355	-107.997330
16925.097656	-109.506523
16930.480957	-116.953819
16935.864258	-114.026634
16941.247559	-132.712952
16946.630859	-126.752083
16952.014160	-120.042892
16957.397461	-114.102730
16962.780762	-108.803749
16968.164062	-105.782242
16973.547363	-88.291611
16978.930664	-85.458473
16984.313965	-94.806717
16989.697266	-113.439240
16995.080566	-118.187828
17000.463867	-114.866455
17005.847168	-113.040405
17011.230469	-108.725739
17016.613770	-110.331657
17021.997070	-119.119720
17027.380371	-113.299141
17032.763672	-113.457253
17038.146973	-118.796448
17043.530273	-116.091812
17048.913574	-119.325089
17054.296875	-117.533173
17059.680176	-138.466400
17065.063477	-121.920403
17070.446777	-120.207512
17075.830078	-115.572540
17081.213379	-114.461952
17086.596680	-113.124680
17091.979980	-113.527512
17097.363281	-112.625755
17102.746582	-113.282272
17108.129883	-109.218651
17113.513184	-111.827003
17118.896484	-114.261436
17124.279785	-109.747948
17129.663086	-113.320831
17135.046387	-120.797501
17140.429688	-117.502129
17145.812988	-116.897919
17151.196289	-118.093658
17156.579590	-113.200867
17161.962891	-117.983650
17167.346191	-110.833405
17172.729492	-108.265656
17178.112793	-98.881210
17183.496094	-91.889519
17188.879395	-95.215195
17194.262695	-109.300346
17199.645996	-115.239410
17205.029297	-115.097313
17210.412598	-115.893738
17215.795898	-110.714577
17221.179199	-109.858864
17226.562500	-112.084023
17231.945801	-111.781891
17237.329102	-110.071693
17242.712402	-115.142906
17248.095703	-116.215508
17253.479004	-144.563736
17258.862305	-111.985153
17264.245605	-110.764648
17269.628906	-115.796799
17275.012207	-111.926346
17280.395508	-108.540138
17285.778809	-110.096939
17291.162109	-118.049080
17296.545410	-114.377579
17301.928711	-123.051765
17307.312012	-111.715508
17312.695312	-112.051765
17318.078613	-118.345024
17323.461914	-118.273247
17328.845215	-109.941391
17334.228516	-113.574036
17339.611816	-114.082291
17344.995117	-113.627922
17350.378418	-116.475815
17355.761719	-111.577049
17361.145020	-114.178444
17366.528320	-116.918114
17371.911621	-110.576866
17377.294922	-107.930847
17382.678223	-93.089394
17388.061523	-74.898026
17393.444824	-73.094681
17398.828125	-84.203300
17404.211426	-105.018890
17409.594727	-111.396568
17414.978027	-112.231155
17420.361328	-120.637070
17425.744629	-130.291016
17431.127930	-116.419273
17436.511230	-112.143135
17441.894531	-107.343872
17447.277832	-110.523972
17452.661133	-109.649895
17458.044434	-111.001770
17463.427734	-132.229523
17468.811035	-115.613396
17474.194336	-118.680779
17479.577637	-118.358719
17484.960938	-113.915489
17490.344238	-108.909142
17495.727539	-110.207176
17501.110840	-123.255035
17506.494141	-111.409744
17511.877441	-114.923485
17517.260742	-112.495018
17522.644043	-112.250633
17528.027344	-128.698288
17533.410645	-113.536003
17538.793945	-114.506577
17544.177246	-116.447662
17549.560547	-113.480858
17554.943848	-110.154541
17560.327148	-115.302315
17565.710449	-111.959213
17571.093750	-110.031197
17576.477051	-117.499214
17581.860352	-118.732887
17587.243652	-111.164131
17592.626953	-87.873497
17598.010254	-80.204659
17603.393555	-84.713936
17608.776855	-110.597084
17614.160156	-114.293442
17619.543457	-116.547409
17624.926758	-117.396156
17630.310059	-124.758408
17635.693359	-114.618202
17641.076660	-110.171577
17646.459961	-109.885353
17651.843262	-147.376083
17657.226562	-113.407501
17662.609863	-118.567970
17667.993164	-111.001289
17673.376465	-111.816025
17678.759766	-109.689705
17684.143066	-107.638863
17689.526367	-110.126534
17694.909668	-121.751312
17700.292969	-109.605865
17705.676270	-107.175774
17711.059570	-106.844612
17716.442871	-109.743698
17721.826172	-119.063026
17727.209473	-112.800735
17732.592773	-110.781700
17737.976074	-111.688911
17743.359375	-113.003967
17748.742676	-116.713745
17754.125977	-108.890228
17759.509277	-110.284958
17764.892578	-119.785210
17770.275879	-107.803619
17775.659180	-116.657707
17781.042480	-110.502327
17786.425781	-106.391258
17791.809082	-99.837128
17797.192383	-82.939026
17802.575684	-67.584488
17807.958984	-66.842171
17813.342285	-79.619827
17818.725586	-97.102943
17824.108887	-111.939636
17829.492188	-105.145210
17834.875488	-119.091179
17840.258789	-118.321571
17845.642090	-116.334732
17851.025391	-109.247360
17856.408691	-113.396477
17861.791992	-111.342072
17867.175293	-108.096687
17872.558594	-111.935509
17877.941895	-110.140388
17883.325195	-111.018074
17888.708496	-111.497360
17894.091797	-116.165413
17899.475098	-114.156509
17904.858398	-111.276344
17910.241699	-108.201729
17915.625000	-110.375031
17921.008301	-115.048553
17926.391602	-122.430008
17931.774902	-126.332664
17937.158203	-119.408142
17942.541504	-122.454964
17947.924805	-129.428329
17953.308105	-107.854126
17958.691406	-107.690407
17964.074707	-110.129890
17969.458008	-123.493027
17974.841309	-113.538162
17980.224609	-113.377754
17985.607910	-117.890778
17990.991211	-113.396080
17996.374512	-133.123337
18001.757812	-110.616615
18007.141113	-77.306511
18012.524414	-71.056427
18017.907715	-76.733826
18023.291016	-109.252754
18028.674316	-110.462730
18034.057617	-111.948906
18039.440918	-109.507256
18044.824219	-109.283760
18050.207520	-117.768570
18055.590820	-122.448036
18060.974121	-128.016602
18066.357422	-110.848015
18071.740723	-109.665741
18077.124023	-120.053391
18082.507324	-116.938515
18087.890625	-116.007668
18093.273926	-115.616920
18098.657227	-106.060974
18104.040527	-106.926956
18109.423828	-117.444069
18114.807129	-116.455284
18120.190430	-110.277191
18125.573730	-106.463463
18130.957031	-111.705666
18136.340332	-113.964867
18141.723633	-113.974495
18147.106934	-108.878960
18152.490234	-105.169449
18157.873535	-104.223846
18163.256836	-109.857689
18168.640137	-108.393227
18174.023438	-110.148071
18179.406738	-114.234337
18184.790039	-110.237061
18190.173340	-114.338776
18195.556641	-119.876152
18200.939941	-111.505775
18206.323242	-107.765388
18211.706543	-89.601318
18217.089844	-75.919456
18222.473145	-75.944717
18227.856445	-90.048645
18233.239746	-102.820129
18238.623047	-111.418640
18244.006348	-107.824310
18249.389648	-115.727173
18254.772949	-110.744583
18260.156250	-130.203903
18265.539551	-112.242760
18270.922852	-117.117767
18276.306152	-112.207703
18281.689453	-111.753754
18287.072754	-118.528069
18292.456055	-117.320549
18297.839355	-113.468628
18303.222656	-110.363045
18308.605957	-117.783958
18313.989258	-115.602219
18319.372559	-111.684677
18324.755859	-130.851776
18330.139160	-111.103165
18335.522461	-115.856415
18340.905762	-120.603340
18346.289062	-127.277077
18351.672363	-127.636650
18357.055664	-121.741425
18362.438965	-116.490288
18367.822266	-120.567787
18373.205566	-114.518608
18378.588867	-125.470413
18383.972168	-114.229317
18389.355469	-112.107986
18394.738770	-107.527573
18400.122070	-103.612625
18405.505371	-104.396919
18410.888672	-113.207108
18416.271973	-106.774323
18421.655273	-80.454025
18427.038574	-75.084442
18432.421875	-81.848518
18437.805176	-107.063217
18443.188477	-108.190056
18448.571777	-110.630325
18453.955078	-111.985039
18459.338379	-111.192772
18464.721680	-106.617805
18470.104980	-107.422417
18475.488281	-112.536621
18480.871582	-115.876442
18486.254883	-137.471634
18491.638184	-112.309525
18497.021484	-113.039284
18502.404785	-115.254936
18507.788086	-105.317482
18513.171387	-105.521736
18518.554688	-108.804085
18523.937988	-107.379379
18529.321289	-104.859459
18534.704590	-104.394577
18540.087891	-104.413116
18545.471191	-107.156181
18550.854492	-105.725235
18556.237793	-103.369186
18561.621094	-110.787727
18567.004395	-112.499359
18572.387695	-122.172356
18577.770996	-117.089851
18583.154297	-109.627708
18588.537598	-118.087914
18593.920898	-111.235413
18599.304199	-117.297089
18604.687500	-117.692017
18610.070801	-125.714592
18615.454102	-114.259819
18620.837402	-108.361275
18626.220703	-100.285164
18631.604004	-86.858589
18636.987305	-87.535393
18642.370605	-98.864349
18647.753906	-108.077202
18653.137207	-110.329971
18658.520508	-115.704926
18663.903809	-111.992088
18669.287109	-105.419456
18674.670410	-106.311470
18680.053711	-114.836311
18685.437012	-116.661888
18690.820312	-116.757256
18696.203613	-115.879967
18701.586914	-114.957832
18706.970215	-107.632446
18712.353516	-110.282692
18717.736816	-110.030350
18723.120117	-110.857834
18728.503418	-108.223846
18733.886719	-105.545952
18739.270020	-103.897827
18744.653320	-106.924789
18750.036621	-114.815514
18755.419922	-107.220116
18760.803223	-108.028114
18766.186523	-114.296768
18771.569824	-118.950462
18776.953125	-112.198112
18782.336426	-109.908165
18787.719727	-108.516907
18793.103027	-112.614777
18798.486328	-109.659554
18803.869629	-109.470818
18809.252930	-111.346123
18814.636230	-115.626938
18820.019531	-111.579697
18825.402832	-121.382675
18830.786133	-110.402351
18836.169434	-85.660110
18841.552734	-81.276077
18846.936035	-88.951027
18852.319336	-108.743713
18857.702637	-111.394295
18863.085938	-114.902451
18868.469238	-117.082497
18873.852539	-119.098656
18879.235840	-110.165344
18884.619141	-106.794235
18890.002441	-113.146690
18895.385742	-108.984840
18900.769043	-109.878571
18906.152344	-107.604576
18911.535645	-109.852997
18916.918945	-119.203415
18922.302246	-114.362381
18927.685547	-107.863937
18933.068848	-109.179863
18938.452148	-108.657234
18943.835449	-105.600929
18949.218750	-104.770439
18954.602051	-103.309563
18959.985352	-104.488083
18965.368652	-105.545265
18970.751953	-112.514900
18976.135254	-107.567932
18981.518555	-108.456955
18986.901855	-112.170616
18992.285156	-112.768272
18997.668457	-113.025826
19003.051758	-119.477570
19008.435059	-113.295502
19013.818359	-110.389709
19019.201660	-115.729774
19024.584961	-125.748451
19029.968262	-116.320541
19035.351562	-106.028473
19040.734863	-86.075768
19046.118164	-75.317657
19051.501465	-77.310989
19056.884766	-95.390442
19062.268066	-109.234070
19067.651367	-109.753891
19073.034668	-107.141815
19078.417969	-102.231483
19083.801270	-106.191254
19089.184570	-111.508583
19094.567871	-107.884956
19099.951172	-108.579979
19105.334473	-109.906342
19110.717773	-108.851959
19116.101074	-107.970222
19121.484375	-111.429474
19126.867676	-116.188423
19132.250977	-109.848862
19137.634277	-108.772720
19143.017578	-107.846672
19148.400879	-108.248787
19153.784180	-107.716164
19159.167480	-103.525505
19164.550781	-101.891335
19169.934082	-107.399887
19175.317383	-105.280457
19180.700684	-105.867004
19186.083984	-108.798256
19191.467285	-111.861511
19196.850586	-111.345337
19202.233887	-104.037476
19207.617188	-108.493141
19213.000488	-113.378235
19218.383789	-109.406830
19223.767090	-110.325462
19229.150391	-123.350182
19234.533691	-106.822670
19239.916992	-104.813774
19245.300293	-92.063324
19250.683594	-70.367294
19256.066895	-66.996147
19261.450195	-75.943626
19266.833496	-99.245567
19272.216797	-109.061935
19277.600098	-113.452751
19282.983398	-112.033485
19288.366699	-111.323341
19293.750000	-108.232559
19299.133301	-106.735802
19304.516602	-109.449066
19309.899902	-105.655052
19315.283203	-111.359016
19320.666504	-110.970634
19326.049805	-115.517342
19331.433105	-113.064331
19336.816406	-109.717873
19342.199707	-120.871819
19347.583008	-118.402657
19352.966309	-114.561493
19358.349609	-110.102325
19363.732910	-111.483620
19369.116211	-111.823219
19374.499512	-116.985268
19379.882812	-113.055260
19385.266113	-110.430191
19390.649414	-110.747414
19396.032715	-110.199654
19401.416016	-107.177177
19406.799316	-111.499184
19412.182617	-110.438126
19417.565918	-110.814445
19422.949219	-117.774628
19428.332520	-108.654526
19433.715820	-104.956505
19439.099121	-103.954956
19444.482422	-110.239464
19449.865723	-104.607361
19455.249023	-102.720772
19460.632324	-89.382179
19466.015625	-90.755882
19471.398926	-102.706665
19476.782227	-107.225586
19482.165527	-111.279114
19487.548828	-115.683029
19492.932129	-110.082321
19498.315430	-120.863693
19503.698730	-108.504227
19509.082031	-107.580681
19514.465332	-115.621765
19519.848633	-109.335838
19525.231934	-108.296959
19530.615234	-120.788025
19535.998535	-108.159882
19541.381836	-115.369972
19546.765137	-105.585060
19552.148438	-105.051140
19557.531738	-107.295403
19562.915039	-113.158646
19568.298340	-110.694710
19573.681641	-109.174980
19579.064941	-109.022186
19584.448242	-118.018066
19589.831543	-113.988159
19595.214844	-113.742752
19600.598145	-112.232513
19605.981445	-117.061722
19611.364746	-107.697128
19616.748047	-112.749931
19622.131348	-117.441864
19627.514648	-107.397850
19632.897949	-104.834167
19638.281250	-111.220154
19643.664551	-115.795921
19649.047852	-106.510704
19654.431152	-115.176399
19659.814453	-100.785065
19665.197754	-81.740166
19670.581055	-79.327385
19675.964355	-90.664604
19681.347656	-101.714058
19686.730957	-120.407379
19692.114258	-112.080429
19697.497559	-108.355354
19702.880859	-109.326859
19708.264160	-110.495056
19713.647461	-115.924408
19719.030762	-110.741684
19724.414062	-106.347649
19729.797363	-104.657280
19735.180664	-111.494530
19740.563965	-119.517975
19745.947266	-107.696922
19751.330566	-114.565262
19756.713867	-109.345062
19762.097168	-114.550461
19767.480469	-121.330475
19772.863770	-114.777611
19778.247070	-115.886078
19783.630371	-110.188980
19789.013672	-106.194359
19794.396973	-117.561897
19799.780273	-109.453346
19805.163574	-106.972984
19810.546875	-107.229332
19815.930176	-110.601181
19821.313477	-112.222771
19826.696777	-123.726234
19832.080078	-119.371033
19837.463379	-113.550888
19842.846680	-116.110504
19848.229980	-111.473412
19853.613281	-106.812675
19858.996582	-104.229301
19864.379883	-125.131256
19869.763184	-86.363876
19875.146484	-77.825539
19880.529785	-81.711418
19885.913086	-108.810791
19891.296387	-103.101219
19896.679688	-111.071930
19902.062988	-117.443344
19907.446289	-111.242828
19912.829590	-127.373154
19918.212891	-104.195412
19923.596191	-108.027893
19928.979492	-122.063316
19934.362793	-127.056534
19939.746094	-117.101311
19945.129395	-111.614670
19950.512695	-118.972809
19955.895996	-119.185120
19961.279297	-111.496681
19966.662598	-106.753136
19972.045898	-105.250435
19977.429199	-109.215233
19982.812500	-109.283760
19988.195801	-106.599876
19993.579102	-118.232742
19998.962402	-107.654228
20004.345703	-110.283386
20009.729004	-108.896408
20015.112305	-109.503937
20020.495605	-116.506386
20025.878906	-103.707947
20031.262207	-106.016510
20036.645508	-114.800255
20042.028809	-110.689201
20047.412109	-125.305252
20052.795410	-108.997269
20058.178711	-111.405518
20063.562012	-115.910133
20068.945312	-116.426483
20074.328613	-101.416290
20079.711914	-87.611359
20085.095215	-86.495239
20090.478516	-98.500702
20095.861816	-112.626907
20101.245117	-107.955658
20106.628418	-106.514275
20112.011719	-107.201813
20117.395020	-115.320091
20122.778320	-107.631210
20128.161621	-106.343048
20133.544922	-120.153854
20138.928223	-111.493172
20144.311523	-109.007294
20149.694824	-115.236885
20155.078125	-108.372917
20160.461426	-108.557556
20165.844727	-118.572365
20171.228027	-108.655487
20176.611328	-106.203484
20181.994629	-106.028641
20187.377930	-109.887848
20192.761230	-114.690102
20198.144531	-107.162415
20203.527832	-110.871239
20208.911133	-108.661011
20214.294434	-105.989372
20219.677734	-107.261871
20225.061035	-109.896973
20230.444336	-117.762321
20235.827637	-107.460503
20241.210938	-102.443161
20246.594238	-101.393204
20251.977539	-105.792770
20257.360840	-109.459557
20262.744141	-106.774948
20268.127441	-108.966347
20273.510742	-119.707481
20278.894043	-116.228905
20284.277344	-92.655205
20289.660645	-85.104469
20295.043945	-89.420708
20300.427246	-105.594254
20305.810547	-113.413788
20311.193848	-119.878944
20316.577148	-113.155724
20321.960449	-112.382393
20327.343750	-111.204147
20332.727051	-108.234726
20338.110352	-110.043449
20343.493652	-110.817528
20348.876953	-108.633392
20354.260254	-112.290588
20359.643555	-113.975891
20365.026855	-107.905441
20370.410156	-112.186623
20375.793457	-114.965004
20381.176758	-113.340317
20386.560059	-109.181435
20391.943359	-111.126122
20397.326660	-113.875473
20402.709961	-110.415474
20408.093262	-105.061432
20413.476562	-101.978500
20418.859863	-108.882706
20424.243164	-122.569496
20429.626465	-115.824402
20435.009766	-105.034225
20440.393066	-104.356613
20445.776367	-115.665550
20451.159668	-104.568916
20456.542969	-101.903572
20461.926270	-110.110344
20467.309570	-111.801865
20472.692871	-112.432487
20478.076172	-104.172401
20483.459473	-103.040359
20488.842773	-118.635704
20494.226074	-89.152878
20499.609375	-87.401138
20504.992676	-98.563591
20510.375977	-109.886322
20515.759277	-106.818008
20521.142578	-110.438583
20526.525879	-108.920540
20531.909180	-111.373970
20537.292480	-112.097939
20542.675781	-111.526955
20548.059082	-107.805077
20553.442383	-102.931313
20558.825684	-101.612656
20564.208984	-102.723953
20569.592285	-106.566544
20574.975586	-116.036018
20580.358887	-107.770790
20585.742188	-107.492355
20591.125488	-113.888054
20596.508789	-118.532310
20601.892090	-115.084557
20607.275391	-110.546066
20612.658691	-108.484932
20618.041992	-109.475494
20623.425293	-115.214531
20628.808594	-109.828514
20634.191895	-113.670219
20639.575195	-113.398773
20644.958496	-110.455238
20650.341797	-108.667091
20655.725098	-111.086494
20661.108398	-133.099533
20666.491699	-112.120140
20671.875000	-114.813591
20677.258301	-124.918221
20682.641602	-124.490005
20688.024902	-118.283531
20693.408203	-115.935150
20698.791504	-90.735252
20704.174805	-84.593117
20709.558105	-91.141724
20714.941406	-109.570412
20720.324707	-112.376045
20725.708008	-125.245750
20731.091309	-117.298164
20736.474609	-117.565720
20741.857910	-111.147568
20747.241211	-106.270416
20752.624512	-108.709320
20758.007812	-114.320976
20763.391113	-123.634628
20768.774414	-110.432152
20774.157715	-114.031738
20779.541016	-101.614525
20784.924316	-103.442390
20790.307617	-109.815361
20795.690918	-111.095436
20801.074219	-112.264565
20806.457520	-109.401955
20811.840820	-108.409897
20817.224121	-104.293571
20822.607422	-105.071144
20827.990723	-103.285683
20833.374023	-104.568085
20838.757324	-114.190681
20844.140625	-111.618210
20849.523926	-105.790405
20854.907227	-100.777374
20860.290527	-102.328156
20865.673828	-108.735970
20871.057129	-110.139809
20876.440430	-111.571617
20881.823730	-107.856934
20887.207031	-116.382767
20892.590332	-120.213493
20897.973633	-110.050774
20903.356934	-97.730751
20908.740234	-88.062424
20914.123535	-88.832306
20919.506836	-103.300934
20924.890137	-108.900635
20930.273438	-112.837715
20935.656738	-110.702705
20941.040039	-110.699211
20946.423340	-107.370369
20951.806641	-104.496140
20957.189941	-109.054657
20962.573242	-115.805687
20967.956543	-119.495003
20973.339844	-110.133781
20978.723145	-108.933708
20984.106445	-110.095680
20989.489746	-115.413788
20994.873047	-110.709297
21000.256348	-109.447212
21005.639648	-131.160645
21011.022949	-112.131897
21016.406250	-111.385277
21021.789551	-118.771095
21027.172852	-110.268341
21032.556152	-111.475410
21037.939453	-115.261215
21043.322754	-111.243790
21048.706055	-113.052254
21054.089355	-117.000381
21059.472656	-127.427078
21064.855957	-109.691406
21070.239258	-104.937042
21075.622559	-111.858765
21081.005859	-106.953079
21086.389160	-104.749176
21091.772461	-111.582825
21097.155762	-106.660553
21102.539062	-104.332428
21107.922363	-102.219315
21113.305664	-89.125099
21118.688965	-84.877625
21124.072266	-92.606575
21129.455566	-110.978844
21134.838867	-125.181511
21140.222168	-112.467949
21145.605469	-113.527092
21150.988770	-114.827774
21156.372070	-110.015015
21161.755371	-108.108528
21167.138672	-104.593727
21172.521973	-99.574203
21177.905273	-100.510696
21183.288574	-117.498314
21188.671875	-103.700745
21194.055176	-103.389809
21199.438477	-104.339645
21204.821777	-104.436081
21210.205078	-116.557465
21215.588379	-121.095314
21220.971680	-104.634270
21226.354980	-107.011612
21231.738281	-110.157410
21237.121582	-111.027458
21242.504883	-123.148483
21247.888184	-109.741867
21253.271484	-124.573097
21258.654785	-111.686333
21264.038086	-113.914085
21269.421387	-114.164345
21274.804688	-120.031990
21280.187988	-111.854355
21285.571289	-111.757713
21290.954590	-124.334740
21296.337891	-113.312439
21301.721191	-110.348442
21307.104492	-110.695259
21312.487793	-105.838211
21317.871094	-97.578941
21323.254395	-84.313248
21328.637695	-85.623955
21334.020996	-102.621246
21339.404297	-120.722496
21344.787598	-114.424469
21350.170898	-108.098351
21355.554199	-102.035378
21360.937500	-101.354050
21366.320801	-106.393959
21371.704102	-105.658295
21377.087402	-107.068932
21382.470703	-111.407249
21387.854004	-108.232948
21393.237305	-122.736252
21398.620605	-113.255020
21404.003906	-115.909302
21409.387207	-117.417511
21414.770508	-116.494064
21420.153809	-120.310989
21425.537109	-130.478409
21430.920410	-114.563248
21436.303711	-111.541733
21441.687012	-111.413338
21447.070312	-113.564804
21452.453613	-128.693314
21457.836914	-131.052200
21463.220215	-116.170052
21468.603516	-111.785614
21473.986816	-105.488914
21479.370117	-102.286339
21484.753418	-104.767548
21490.136719	-114.016403
21495.520020	-107.400314
21500.903320	-110.158142
21506.286621	-123.972107
21511.669922	-111.883644
21517.053223	-112.674232
21522.436523	-111.108253
21527.819824	-88.142731
21533.203125	-84.151016
21538.586426	-92.695160
21543.969727	-108.772995
21549.353027	-115.110275
21554.736328	-107.607506
21560.119629	-105.673241
21565.502930	-109.585327
21570.886230	-108.596748
21576.269531	-106.654457
21581.652832	-120.407387
21587.036133	-117.899246
21592.419434	-116.683365
21597.802734	-115.110840
21603.186035	-116.350784
21608.569336	-115.650597
21613.952637	-108.479660
21619.335938	-104.916245
21624.719238	-110.313927
21630.102539	-117.804924
21635.485840	-111.282730
21640.869141	-112.370338
21646.252441	-115.417435
21651.635742	-107.076057
21657.019043	-105.368752
21662.402344	-107.899986
21667.785645	-108.696472
21673.168945	-107.732841
21678.552246	-112.406731
21683.935547	-111.350891
21689.318848	-117.358139
21694.702148	-133.430481
21700.085449	-109.137756
21705.468750	-107.081352
21710.852051	-112.510185
21716.235352	-114.096642
21721.618652	-111.613472
21727.001953	-104.977234
21732.385254	-95.731354
21737.768555	-84.783218
21743.151855	-87.014999
21748.535156	-106.238464
21753.918457	-109.074463
21759.301758	-106.808960
21764.685059	-107.306206
21770.068359	-113.839172
21775.451660	-116.729668
21780.834961	-113.811134
21786.218262	-134.538788
21791.601562	-108.682800
21796.984863	-111.196053
21802.368164	-110.385277
21807.751465	-114.373711
21813.134766	-110.858437
21818.518066	-105.677780
21823.901367	-103.682915
21829.284668	-107.971680
21834.667969	-123.439194
21840.051270	-124.487236
21845.434570	-115.880493
21850.817871	-113.259727
21856.201172	-116.919563
21861.584473	-109.940407
21866.967773	-106.927834
21872.351074	-112.056686
21877.734375	-106.157227
21883.117676	-113.875565
21888.500977	-112.839279
21893.884277	-113.985527
21899.267578	-115.351578
21904.650879	-117.274811
21910.034180	-110.212227
21915.417480	-105.598969
21920.800781	-101.715721
21926.184082	-106.919090
21931.567383	-112.822258
21936.950684	-110.393890
21942.333984	-87.743462
21947.717285	-84.264580
21953.100586	-92.996407
21958.483887	-99.209335
21963.867188	-104.017754
21969.250488	-107.810219
21974.633789	-108.439705
21980.017090	-108.207787
21985.400391	-115.762344
21990.783691	-106.466003
21996.166992	-103.682312
22001.550293	-105.753807
22006.933594	-111.489410
22012.316895	-126.899063
22017.700195	-110.742126
22023.083496	-105.508110
22028.466797	-102.585541
22033.850098	-110.771774
22039.233398	-120.039024
22044.616699	-108.271378
